[meta]
code,204320
name,HL만도
[/meta]
[raw_daily / RAW]
datetime,open,high,low,close,volume
2026-01-15,60800,63200,59700,62500,1715983
2026-01-16,64100,68300,62000,64200,4165500
2026-01-19,65600,68500,64000,67400,2948221
2026-01-20,68800,68800,62200,63600,2345285
2026-01-21,61600,75800,61400,71400,6796873
2026-01-22,74000,75000,66900,67900,2934852
2026-01-23,66900,68200,64800,65500,1644337
2026-01-26,64000,65800,63200,64500,1141498
2026-01-27,62900,65300,62000,64600,1083722
2026-01-28,66300,66400,64000,64300,936718
2026-01-29,65300,67000,64000,65700,1545214
2026-01-30,64800,64900,63300,63800,757744
2026-02-02,61800,64200,60300,61400,672677
2026-02-03,62700,63000,60000,62900,1049183
2026-02-04,63200,64500,61900,63300,562307
2026-02-05,62100,64300,61200,61500,587238
2026-02-06,58900,60500,56100,58100,1098802
2026-02-09,59700,59700,57000,58000,1002956
2026-02-10,60100,62300,58800,59000,943481
2026-02-11,59600,61150,59200,59900,547572
2026-02-12,60000,60700,58500,60700,483701
2026-02-13,59300,60300,58200,58200,486817
2026-02-19,58700,61200,58200,60200,507788
2026-02-20,60800,61000,59700,59800,464498
2026-02-23,61200,62600,59600,60000,589683
2026-02-24,59700,60300,59000,60100,333127
2026-02-25,61100,64200,60400,62200,1545295
2026-02-26,63000,63300,61100,63100,671344
2026-02-27,61800,65000,60400,62800,1089383
2026-03-03,62200,63200,57500,57600,880798
2026-03-04,53600,55300,46850,48000,998624
2026-03-05,52500,54400,52000,53900,558781
2026-03-06,51900,54200,51600,53800,517396
2026-03-09,50100,50400,48450,50300,403977
2026-03-10,53500,54000,51100,52600,306657
2026-03-11,54900,55350,52500,53500,363731
2026-03-12,53600,54900,52900,54900,313342
2026-03-13,52700,52900,51500,52000,544159
2026-03-16,51400,51600,50300,51000,242950
2026-03-17,52500,53700,52000,52500,272493
2026-03-18,53500,54600,53400,54400,282931
2026-03-19,52700,53600,52500,53000,182384
2026-03-20,53800,54200,53300,53900,237116
2026-03-23,52200,52400,50700,51500,297585
2026-03-24,53600,53600,51100,52700,260693
2026-03-25,53400,54000,52200,52400,256147
2026-03-26,52800,52800,51000,51500,173146
2026-03-27,49950,51400,49300,51200,230794
2026-03-30,48800,49800,47950,49750,250447
2026-03-31,48950,51900,48150,49050,277513
2026-04-01,50400,51500,49750,51000,253005
2026-04-02,51900,52200,47200,47800,325211
2026-04-03,48800,49300,47900,48350,189912
2026-04-06,48100,48750,47650,48100,173787
2026-04-07,48450,48900,47300,47800,184150
2026-04-08,49950,50900,49450,50900,388970
2026-04-09,52300,52300,49900,50700,384175
2026-04-10,51700,51700,50300,50500,162679
2026-04-13,49100,49750,49050,49700,186894
2026-04-14,50700,51400,50300,51200,159146
2026-04-15,52500,52900,51900,52700,245793
2026-04-16,54200,54500,52800,53300,272029
2026-04-17,54100,54200,52100,52900,194276
2026-04-20,53000,53500,52500,52600,153397
2026-04-21,53200,54400,52800,54300,267266
2026-04-22,54600,54600,53000,54500,194946
2026-04-23,55700,55700,52500,53400,356537
2026-04-24,53300,53400,52400,53000,168604
2026-04-27,54000,58300,53200,56700,891369
2026-04-28,57800,58300,56100,57600,603408
2026-04-29,59200,59200,57100,57900,361060
2026-04-30,59200,60500,56000,57100,563165
2026-05-04,58100,58500,56500,58000,366564
2026-05-06,57500,58100,56800,57000,326626
2026-05-07,58000,59200,56400,57600,362067
2026-05-08,58200,62700,57800,59900,1759071
2026-05-11,61300,63000,59800,62100,1004500
2026-05-12,63800,64300,57500,60200,1176481
2026-05-13,59400,64500,58600,63300,1474597
2026-05-14,63700,63700,60900,62900,757395
2026-05-15,63100,68000,60000,61700,2179914
2026-05-18,61700,61700,56800,58500,609223
2026-05-19,58200,58300,52500,54100,619590
2026-05-20,53500,53800,50700,52600,468515
2026-05-21,54500,61300,53900,60400,668139
2026-05-22,61000,64000,59400,63000,657893
2026-05-26,63900,65600,62500,63400,563248
2026-05-27,63400,63400,61100,62100,533633
2026-05-28,63800,65000,59300,61700,759930
2026-05-29,62600,64500,61500,62100,884253
2026-06-01,63000,65000,61500,62400,1029447
2026-06-02,62400,63000,57400,60000,687152
2026-06-04,58900,59400,56300,57600,409209
2026-06-05,56700,57000,52900,55200,356244
2026-06-08,51200,52800,49950,50400,421715
2026-06-09,51000,52300,49400,51600,377880
2026-06-10,51000,52600,48350,50300,382961
2026-06-11,48400,50900,47500,50000,433578
2026-06-12,53600,65000,53200,65000,1202691
2026-06-15,62500,76600,60600,70600,7529135
[/raw_daily / RAW]
[updown_bb / WAVE_S]
datetime,open,high,low,close,upbb_u,upbb_m,upbb_l,rsi,stoch
2026-05-14 04:48,63700,66500,63700,66500,65961.57,61524.55,57975.72,71.04,87.77
2026-05-14 09:36,66500,68000,66500,66700,67156.03,62011.79,57695.77,74.24,88.62
2026-05-14 14:24,66700,66700,63900,63900,67646.14,62546.26,58523.34,67.92,83.64
2026-05-14 19:12,63900,63900,61100,61100,67389.45,62859.89,58697.73,56.22,69.42
2026-05-15 00:00,61100,61700,60000,61700,67391.71,62968.01,59147.54,52.76,58.57
2026-05-15 14:24,63100,66660,63100,66660,67867.76,63369.8,59963.94,62.06,66.24
2026-05-16 04:48,66660,68000,65780,65780,67674.71,63798.88,60374.12,64.3,72.21
2026-05-16 19:12,65780,65780,62220,62220,67539.31,64008.7,60894.03,55.77,60.15
2026-05-17 09:36,62220,62220,58660,58660,67559.69,63870.91,59756.74,44.41,33.74
2026-05-18 00:00,58660,58660,56800,58500,67926.21,63616.15,58673.61,39.52,23.84
2026-05-18 04:48,61700,61700,59540,59540,68391.28,63171.42,58257.17,38.59,17.2
2026-05-18 09:36,59540,59540,57380,57380,68148.96,62511.92,57156.68,34.21,10.6
2026-05-18 14:24,57380,57380,55220,55220,68088.65,61761.19,55493.76,29.18,6.34
2026-05-18 19:12,55220,55220,53060,53060,68186.99,60984.79,53263.34,24.63,3.74
2026-05-19 00:00,53060,54100,52500,54100,68603.89,60208.2,51956.42,23.43,5.05
2026-05-19 04:48,58200,58300,56480,56480,67288.02,59307.88,51254.78,28.5,8.57
2026-05-19 09:36,56480,56480,54560,54560,65822.22,58296.21,51415.73,26.97,8.23
2026-05-19 14:24,54560,54560,52640,52640,64003.76,57301.24,51119.99,24.01,4.78
2026-05-19 19:12,52640,52640,50720,50720,62265.1,56388.2,49888.53,20.79,2.86
2026-05-20 00:00,50720,52600,50700,52600,61294.07,55605.67,49624.37,21.33,5.78
2026-05-20 04:48,53500,53500,50700,50760,60518.06,54762.92,49785.6,19.45,5.39
2026-05-20 09:36,50760,53620,50760,53620,59264.43,54124.53,50331.86,26.62,11.91
2026-05-20 14:24,53620,56480,53620,56480,58164,53819.18,50413.9,38.73,30.71
2026-05-20 19:12,56480,59340,56480,59340,58723.9,53914.51,50397.88,50.33,59.5
2026-05-21 00:00,59340,61300,59340,60400,60109.51,54226.51,50013.6,57.1,75.6
2026-05-21 04:48,54500,55640,53900,55640,60532.63,54344.53,49930.71,51.24,75.65
2026-05-21 09:36,55640,57980,55640,57980,60976.01,54571.66,49629.09,53.57,79.19
2026-05-21 14:24,57980,60320,57980,60320,62070.28,55047.45,49563.25,59.01,88.71
2026-05-21 19:12,60320,62660,60320,62660,63702.7,55842.97,50066.08,64.94,93.88
2026-05-22 00:00,62660,64000,62660,63000,64785.84,56739,50065.17,68.08,94.65
2026-05-22 19:12,61000,61000,59400,59800,64952.81,57637.64,51457.02,63.26,91.3
2026-05-23 14:24,59800,61800,59800,61800,63966.25,58507.3,52101.44,65.13,91.75
2026-05-24 09:36,61800,63800,61800,63800,64421.55,59327.06,53543.68,68.9,94.47
2026-05-25 04:48,63800,65600,63800,65400,65658.04,60064.25,54506,72.57,95.9
2026-05-26 00:00,65400,65400,63400,63400,66067.67,60620.98,54753.53,71.28,92.57
2026-05-26 04:48,63900,65340,63900,65340,66567.71,61383.36,55894.86,73.63,93.51
2026-05-26 09:36,65340,65600,64420,64420,66165.27,62093.62,56831.11,73.68,92.01
2026-05-26 14:24,64420,64420,62980,62980,66008.86,62607.37,58160,68.54,85.74
2026-05-26 19:12,62980,62980,61540,61540,66039.1,62850.88,59144.73,61.23,71.32
2026-05-27 00:00,61540,62100,61100,62100,66025.64,62964.04,59571.63,59.51,62.03
2026-05-27 04:48,63400,65000,63400,64660,65936.93,63259.59,60405.49,64.32,66.22
2026-05-27 09:36,64660,64660,62720,62720,65664.03,63458.5,61062.72,61.04,60.65
2026-05-27 14:24,62720,62720,60780,60780,65680.71,63429.64,60980.67,53.08,34.43
2026-05-27 19:12,60780,60780,59300,59760,65536.57,63165.76,60114.61,46.71,21.39
2026-05-28 00:00,59760,61700,59760,61700,65873.02,62954.41,59986.73,49,21.74
2026-05-28 04:48,63800,65000,63800,64260,65494.72,62788.77,59829.82,56.77,35.16
2026-05-28 09:36,64260,64260,62320,62320,65231.67,62596.42,60087.55,54.96,41.02
2026-05-28 14:24,62320,62320,60380,60380,64876.69,62367.43,59770.33,48.25,34.58
2026-05-28 19:12,60380,60380,59300,60160,64721.69,62174.82,59430.71,44.63,24.04
2026-05-29 00:00,60160,62100,60160,62100,64675.35,62060.84,59301.24,48.66,26.21
2026-05-29 14:24,62600,63960,62600,63960,64268.15,61956.61,59311.88,55.77,40.81
2026-05-30 04:48,63960,65000,63960,64680,64738.56,61981.81,59593.07,60.64,65.33
2026-05-30 19:12,64680,64680,63320,63320,64734.55,62101.46,59410.83,59.52,72.01
2026-05-31 09:36,63320,63320,61960,61960,64852.2,62257.92,59823.85,54.23,66.87
2026-06-01 00:00,61960,62400,61500,62400,64686.26,62368.16,59840.88,53.25,62.72
2026-06-01 04:48,63000,65000,63000,64560,64822.51,62441.31,59916.26,59.45,72.66
2026-06-01 09:36,64560,64560,62120,62120,64826.61,62474.85,59824.05,53.86,68.58
2026-06-01 14:24,62120,62120,59680,59680,64835.47,62465.85,59616.41,43.87,48.42
2026-06-01 19:12,59680,59680,57400,57560,64856.74,62348.31,58527.02,35.25,27.04
2026-06-02 00:00,57560,60000,57560,60000,65438.91,62196.51,58347.15,36.99,24.83
2026-06-02 09:36,62400,63000,61880,61880,65237.39,62024.33,58044.04,44.07,31.89
2026-06-02 19:12,61880,61880,60160,60160,64786.23,61728.46,57804.91,42.02,32.23
2026-06-03 04:48,60160,60160,58440,58440,64622.98,61351.72,57347.71,36.88,23.81
2026-06-03 14:24,58440,58440,56720,56720,64430.96,60913.64,56321.08,31.22,13.09
2026-06-04 00:00,56720,57600,56300,57600,64493.86,60460.39,55891.62,30.11,11.43
2026-06-04 04:48,58900,59400,58040,58040,63554.51,59916.12,55800.06,30.2,10.66
2026-06-04 09:36,58040,58040,56180,56180,63248.31,59350.07,55938.79,26.51,6.94
2026-06-04 14:24,56180,56180,54320,54320,62551.11,58797.23,54666.79,22.09,4.47
2026-06-04 19:12,54320,54320,52900,53340,62413.36,58300.71,53321.42,19.02,4.07
2026-06-05 00:00,53340,55200,53340,55200,62683.23,57805.3,52974.3,21.45,8.18
2026-06-05 14:24,56700,57000,55740,55740,61766.12,57250.52,52771.89,24.86,12.21
2026-06-06 04:48,55740,55740,54180,54180,60925.55,56674.2,52722.81,22.81,11.15
2026-06-06 19:12,54180,54180,52620,52620,59950.03,56094.18,52101.17,19.67,6.94
2026-06-07 09:36,52620,52620,51060,51060,59217.6,55519.17,50915.61,16.56,4.29
2026-06-08 00:00,51060,51060,49950,50400,58965.98,54877.02,49978.94,14.56,3.88
2026-06-08 04:48,51200,51200,49920,49920,58644.05,54160.25,49415.66,13.18,2.87
2026-06-08 09:36,49920,50160,49400,50160,58031.03,53498.97,48927.31,12.62,4.3
2026-06-08 14:24,50160,51440,50160,51440,57251.54,53003.49,48523.39,17.39,8.65
2026-06-08 19:12,51440,52720,51440,52720,56630.27,52692.61,48267.7,26.07,16.78
2026-06-09 00:00,52720,52800,51600,51600,56306.37,52345.73,48526.38,25.51,19.73
2026-06-09 04:48,51000,52560,51000,52560,55473.48,52007.45,49035.08,30.21,25.14
2026-06-09 09:36,52560,52600,51080,51080,54512.16,51679.9,49540.33,27.91,25.89
2026-06-09 14:24,51080,51080,49520,49520,53443.14,51359.08,49308.45,23.88,18.36
2026-06-09 19:12,49520,49520,48350,48740,52648.57,51077.71,48695.87,20.89,14.69
2026-06-10 00:00,48740,50300,48740,50300,52534.13,50917.28,48639.32,24.31,21.18
2026-06-10 04:48,51000,52600,51000,52360,52667.19,50934.58,48611.47,36.31,40.36
2026-06-10 09:36,52360,52360,50520,50520,52691.36,50952.03,48697.44,34.51,45.23
2026-06-10 14:24,50520,50520,48680,48680,52654.15,50835.64,48217.6,29.46,32.97
2026-06-10 19:12,48680,48680,47500,48160,52328.09,50575.01,47638.59,26.3,23.09
2026-06-11 00:00,48160,50000,48160,50000,52395.89,50373.87,47631.96,31.57,25.49
2026-06-11 04:48,48400,50280,47500,50280,52197.89,50166.95,47884.12,35.3,33.72
2026-06-11 09:36,50280,53960,50280,53960,53240.2,50189.18,48182.97,51.51,64.12
2026-06-11 14:24,53960,57640,53960,57640,55730.69,50561.08,47980.39,65.18,80.97
2026-06-11 19:12,57640,61320,57640,61320,59210.61,51315.72,47314.79,74.49,89.98
2026-06-12 00:00,61320,65000,61320,65000,63234.43,52370.25,45996.15,80.7,94.74
2026-06-12 14:24,53600,58760,53200,58760,64852.25,53225.7,45265.26,74.8,93.33
2026-06-13 04:48,58760,64720,58760,64720,67372.16,54348.71,44791.02,79.04,96.55
2026-06-13 19:12,64720,70680,64720,70680,71370.02,55958.31,44971.01,83.98,98.22
2026-06-14 09:36,70680,76600,70680,76560,76305.59,58106.59,45271.22,87.81,99.04
2026-06-15 00:00,76560,76560,70600,70600,77497.72,60193.75,45025.89,87.05,94.17
[/updown_bb / WAVE_S]
[updown_bb / WAVE_M]
datetime,open,high,low,close,upbb_u,upbb_m,upbb_l,rsi,stoch
2026-04-23 00,53333.333,53400,52500,53400,55182.01,53606.57,52527.23,60.59,61.87
2026-04-23 08,55700,55700,54400,54400,55171.66,53730.12,52699.91,64.71,62.96
2026-04-23 16,54400,54400,53100,53100,54936.56,53806.1,52790.97,56.39,52.3
2026-04-24 00,53100,53100,52400,53000,54940.42,53816.52,52884.05,51.87,36.01
2026-04-25 00,53300,54300,52400,54300,54998.15,53824.57,52823.3,58.28,42.51
2026-04-26 00,54300,57100,54300,57100,56228.24,54009.58,52915.45,71.88,67.35
2026-04-27 00,57100,58300,56700,56700,56819.96,54229.24,52580.45,75.31,72.98
2026-04-27 08,54000,54600,53200,54600,57078.46,54349.94,52579.6,65.74,68.04
2026-04-27 16,54600,56800,54600,56800,57537.14,54499.59,52463.09,70.65,74.76
2026-04-28 00,56800,58300,56800,57600,58209.03,54778.55,52392.58,74.72,82.08
2026-04-28 08,57800,57800,56100,56433.333,58392.19,55066.94,52303.48,72.61,81.83
2026-04-28 16,56433.333,58466.667,56433.333,58466.667,59133.55,55409.49,52396.15,77.16,86.48
2026-04-29 00,58466.667,59200,57900,57900,59441.46,55814.61,52674.38,78.03,85.91
2026-04-29 08,59200,60500,59200,59500,59953.52,56331.93,53252.72,81.56,86.21
2026-04-29 16,59500,59500,57200,57200,59518.95,56744.46,53621.25,72.64,80.37
2026-04-30 00,57200,57200,56000,57100,59615.2,56975.65,54406.49,68.19,73.07
2026-05-01 08,59200,60500,59200,59200,59993.04,57229.71,54677.45,72.87,76.63
2026-05-02 16,59200,59200,56600,56600,59864.5,57467.4,55420.21,62.88,70.25
2026-05-04 00,56600,58000,56000,58000,59765.12,57657.23,55990.01,64.62,65.1
2026-05-04 16,58100,58500,57933.333,57933.333,59764.09,57779.63,56409.58,65.09,62.05
2026-05-05 08,57933.333,57933.333,56966.667,56966.667,59441.99,57874.59,56527,59.51,52.48
2026-05-06 00,56966.667,57000,56500,57000,59456.66,57861.2,56735.64,56.9,35.46
2026-05-06 08,57500,57500,56400,57133.333,59507.92,57821.76,56692.98,55.94,27.8
2026-05-06 16,57133.333,58966.667,57133.333,58966.667,59288.84,57775.24,56666.43,63.59,38.14
2026-05-07 00,58966.667,59200,57600,57600,59208.78,57764.34,56637.18,60.14,39.1
2026-05-07 08,58000,58366.667,56400,58366.667,59204.17,57809.54,56605.91,62.5,43.98
2026-05-07 16,58366.667,61933.333,58366.667,61933.333,60641.35,57949.85,56604.04,74.54,67.98
2026-05-08 00,61933.333,62700,59900,59900,60937.21,58164.66,56359.6,74.01,68.26
2026-05-09 00,58200,59566.667,57800,59566.667,61218.42,58343.57,56206.13,72.26,67.2
2026-05-10 00,59566.667,61733.333,59566.667,61733.333,62082.35,58611.8,56149.04,77.51,77.36
2026-05-11 00,61733.333,63000,61733.333,62100,62851.13,58986.19,56197.91,80.3,82.4
2026-05-11 08,61300,64300,61300,63133.333,63751.46,59464.35,56330.27,83.29,84.19
2026-05-11 16,63133.333,63133.333,58966.667,58966.667,64009.65,59806.09,56816.32,64.65,73.21
2026-05-12 00,58966.667,60200,57500,60200,64042.56,60056.94,57413.84,63.3,66.73
2026-05-12 08,63800,64500,60700,60700,63736.31,60346.85,57826.35,64.35,64.33
2026-05-12 16,60700,60700,57500,58800,63157.61,60532.63,58099.43,55.37,53.34
2026-05-13 00,58800,63300,58800,63300,63665.82,60707.51,58743.89,66.19,61
2026-05-13 08,59400,60566.667,58600,60566.667,63579.3,60842.56,58782.01,61.8,60.38
2026-05-13 16,60566.667,63333.333,60566.667,63333.333,63794.26,61095.6,58867.57,67.69,69.8
2026-05-14 00,63333.333,64500,62900,62900,63996.34,61286.36,58775.66,69.33,74.36
2026-05-14 08,63700,68000,63700,67633.333,66229.98,61645.27,58588.54,77.97,81.94
2026-05-14 16,67633.333,67633.333,62966.667,62966.667,66244.81,61829.69,57795.24,69.5,74.74
2026-05-15 00,62966.667,62966.667,60000,61700,66506.79,62061.43,58272.67,61.62,64.84
2026-05-16 00,63100,68000,63100,66966.667,67565.09,62497.55,58450.93,69.34,72.49
2026-05-17 00,66966.667,66966.667,61033.333,61033.333,67706.02,62744.15,58612.78,57.67,64.13
2026-05-18 00,61033.333,61033.333,56800,58500,67432.43,62871.52,58647.73,47.51,46.92
2026-05-18 08,61700,61700,58100,58100,67612.96,62712.98,58203.51,42.43,30.5
2026-05-18 16,58100,58100,54500,54500,67920.15,62366.55,56004.99,34.61,18.08
2026-05-19 00,54500,54500,52500,54100,68680.58,61770.66,54146.44,30.74,13.63
2026-05-19 08,58200,58300,55200,55200,69545.61,61108.89,53217.68,29.9,9.99
2026-05-19 16,55200,55200,52000,52000,68565.36,60042.93,51194.96,25.73,6.34
2026-05-20 00,52000,52600,50700,52600,68658.8,59003.07,50428.39,24.32,6.91
2026-05-20 08,53500,53500,50700,52666.667,68136.88,58021.04,49634.55,23.47,8.26
2026-05-20 16,52666.667,57433.333,52666.667,57433.333,65634.56,57036.94,49783.28,35.86,15.3
2026-05-21 00,57433.333,61300,57433.333,60400,63743.09,56450.9,50529.26,47.09,30.14
2026-05-21 08,54500,57200,53900,57200,61944.54,56037.58,50979.73,46.04,38.27
2026-05-21 16,57200,61100,57200,61100,61649.58,55917.07,51409.72,53.55,57.01
2026-05-22 00,61100,64000,61100,63000,62604.25,56202.11,50929.65,59.86,75.06
2026-05-23 08,61000,61133.333,59400,61133.333,63305.61,56642.14,50346.18,60.3,84.76
2026-05-24 16,61133.333,64466.667,61133.333,64466.667,65079.68,57281.21,49966.51,65.73,91.38
2026-05-26 00,64466.667,65600,63400,63400,66077.99,58131.49,50399.96,66.94,91.08
2026-05-26 08,63900,65600,63900,64900,66919.04,59142.44,51194.85,69.78,92.07
2026-05-26 16,64900,64900,62500,62500,66175.11,60136.05,52474.23,66.13,89.8
2026-05-27 00,62500,62500,61100,62100,66030.25,60897.71,54462.44,63.35,85.59
2026-05-27 08,63400,65000,63366.667,63366.667,66245,61473.12,56107.15,64.83,85.27
2026-05-27 16,63366.667,63366.667,60133.333,60133.333,65228.04,61946.63,57273.71,56.27,77.1
2026-05-28 00,60133.333,61700,59300,61700,64975.47,62254.81,58858.42,56.58,67.93
2026-05-28 08,63800,65000,62966.667,62966.667,65005.66,62444.37,59911.33,59.43,66.05
2026-05-28 16,62966.667,62966.667,59733.333,59733.333,64639.98,62499.83,59692.89,51.27,49.24
2026-05-29 00,59733.333,62100,59300,62100,64621.34,62435.42,59995.77,53.98,41.16
2026-05-30 00,62600,64866.667,62600,64866.667,65051.47,62476.12,59933.13,61.37,53.29
2026-05-31 00,64866.667,65000,62866.667,62866.667,64540.86,62401.14,59898.78,59.93,57.17
2026-06-01 00,62866.667,62866.667,61500,62400,64571.62,62354.45,60062.37,57.82,58.03
2026-06-01 08,63000,65000,62933.333,62933.333,64535.78,62360.37,60051.59,58.45,59.74
2026-06-01 16,62933.333,62933.333,58866.667,58866.667,64409.09,62148.2,59169.61,45.59,39.2
2026-06-02 00,58866.667,60000,57400,60000,64481.96,62025.41,59071.2,43.31,32.94
2026-06-02 16,62400,63000,60733.333,60733.333,64616.66,61906.03,58893.7,44.08,30.73
2026-06-03 08,60733.333,60733.333,57866.667,57866.667,64580.42,61601.79,57865.24,36.64,19.2
2026-06-04 00,57866.667,57866.667,56300,57600,64800.01,61340.08,57132.29,32.88,15.91
2026-06-04 08,58900,59400,56800,56800,65143.7,60951.93,56115.73,29.49,11.17
2026-06-04 16,56800,56800,53700,53700,64541.69,60234.67,54099.91,23.3,7.12
2026-06-05 00,53700,55200,52900,55200,64716.77,59507.7,53396.56,22.47,9.63
2026-06-06 00,56700,57000,54700,54700,64585.85,58764.16,53048.8,21.21,8.64
2026-06-07 00,54700,54700,52100,52100,63835.68,57865.92,51979.59,17.6,6.06
2026-06-08 00,52100,52100,49950,50400,62914.01,56995.38,50130.12,14.67,4.98
2026-06-08 08,51200,51200,49400,49733.333,62527.33,56052.23,48743.65,12.92,4.13
2026-06-08 16,49733.333,51866.667,49733.333,51866.667,61888.5,55133.22,48720.94,16.27,7.2
2026-06-09 00,51866.667,52800,51600,51600,60603.96,54342.06,48462.5,16.24,9.58
2026-06-09 08,51000,52600,51000,51600,59348.14,53627.67,48509.95,16.2,10.8
2026-06-09 16,51600,51600,49000,49000,57954.25,52874.22,48035.14,13.67,7.43
2026-06-10 00,49000,50300,48350,50300,56558.32,52303.59,47708.58,13.64,10.55
2026-06-10 08,51000,52600,51000,51133.333,55531.78,51796.46,47872.96,18.19,14.3
2026-06-10 16,51133.333,51133.333,48066.667,48066.667,54773.99,51211.42,48122.04,15.05,9.72
2026-06-11 00,48066.667,50000,47500,50000,53522.75,50797.36,48173.35,18.5,16.16
2026-06-11 08,48400,52733.333,47500,52733.333,52834.59,50670.69,48050.16,33.53,38.94
2026-06-11 16,52733.333,58866.667,52733.333,58866.667,56089.84,50999.41,48100.26,56.33,66.61
2026-06-12 00,58866.667,65000,58866.667,65000,61211.24,51746.31,47326.03,70.9,82.18
2026-06-13 00,53600,62733.333,53200,62733.333,63698.37,52635.7,45305.68,73.92,90.41
2026-06-14 00,62733.333,72666.667,62733.333,72666.667,69870.99,54064,44101.58,81.87,94.88
2026-06-15 00,72666.667,76600,70600,70600,73477.14,55802.24,42740.63,83.82,91.32
[/updown_bb / WAVE_M]
[updown_bb / WAVE_L]
datetime,open,high,low,close,volume,upbb_u,upbb_m,upbb_l,rsi,stoch
2026-01-15,62200,65400,59200,62500,1715983,64253.81,59032.18,55050.43,73.7,59.39
2026-01-16,60800,68300,59700,64200,4165500,63960.31,59226.47,55027.5,77,62.71
2026-01-19,64100,68500,62000,67400,2948221,66325.23,59647.23,54564.43,81.27,70.71
2026-01-20,65600,68800,62200,63600,2345285,66860.13,60205.06,54190.25,77.11,70.15
2026-01-21,68800,75800,61400,71400,6796873,70163.62,61084.83,54069.35,82.82,72.48
2026-01-22,61600,75800,61400,67900,2934852,71231.37,62051.55,53933.16,82.99,70.13
2026-01-23,74000,75000,64800,65500,1644337,71271.52,62958.42,54443.5,76.59,65.24
2026-01-26,66900,68200,63200,64500,1141498,70888.5,63830.63,56067.2,70.89,60.49
2026-01-27,64000,65800,62000,64600,1083722,70585.81,64502.88,57997.37,68.28,55.95
2026-01-28,62900,66400,62000,64300,936718,70325.67,64984.8,59672.41,65.8,50.62
2026-01-29,66300,67000,64000,65700,1545214,69994.35,65409.22,61030,67.31,47.69
2026-01-30,65300,67000,63300,63800,757744,69871.23,65633.92,62108.58,62.33,40.69
2026-02-02,64800,64900,60300,61400,672677,69767.26,65499.02,61814.14,53.04,29.35
2026-02-03,61800,64200,60000,62900,1049183,69809.35,65412.5,61484.44,52.55,22.9
2026-02-04,62700,64500,60000,63300,562307,67894.12,65003.97,61330,53.03,21.36
2026-02-05,63200,64500,61200,61500,587238,67648.77,64503.06,61374.94,47.66,17.52
2026-02-06,62100,64300,56100,58100,1098802,67543.19,63898.7,59655.67,37.52,15.89
2026-02-09,58900,60500,56100,58000,1002956,67345.92,63274.67,58154.2,33.27,16.07
2026-02-10,59700,62300,57000,59000,943481,67305.11,62673.34,57386.63,32.63,17.01
2026-02-11,60100,62300,58800,59900,547572,66926.03,62133.97,56897.97,34.83,18.97
2026-02-12,59600,61150,58500,60700,483701,66085.82,61599.4,56993.53,38.82,22.47
2026-02-13,60000,60700,58200,58200,486817,65005.08,61042.12,56562.06,34.27,20.83
2026-02-19,59300,61200,58200,60200,507788,63953.38,60674,56464.34,38.33,23.9
2026-02-20,58700,61200,58200,59800,464498,63223.12,60316.82,56544.78,38.59,26.27
2026-02-23,60800,62600,59600,60000,589683,62236.17,59961.82,56941.45,39.62,28.63
2026-02-24,61200,62600,59000,60100,333127,61818.23,59697.96,57953.68,40.75,31.12
2026-02-25,59700,64200,59000,62200,1545295,61430.08,59729.57,58143.98,50.66,46.52
2026-02-26,61100,64200,60400,63100,671344,62374.14,59957.8,58335.15,57.78,59.45
2026-02-27,63000,65000,60400,62800,1089383,62999.66,60238.17,58175.99,60.25,63.72
2026-03-03,61800,65000,57500,57600,880798,63359.79,60280.08,57654.31,43.43,47.12
2026-03-04,62200,63200,46850,48000,998624,63339.57,59745.03,52148.37,24.48,29.41
2026-03-05,53600,55300,46850,53900,558781,64714.22,59294.72,51328.76,24.36,28.93
2026-03-06,52500,54400,51600,53800,517396,65382.21,58773.96,50427.01,23.76,27.77
2026-03-09,51900,54200,48450,50300,403977,65736.75,58072.22,48609.68,19.88,22.55
2026-03-10,50100,54000,48450,52600,306657,66119.96,57368.62,47819.94,20.56,22.12
2026-03-11,53500,55350,51100,53500,363731,65978.75,56691.64,47247.03,23.74,23.15
2026-03-12,54900,55350,52500,54900,313342,64995.26,55990.46,47014.05,30.19,26.26
2026-03-13,53600,54900,51500,52000,544159,63378.43,55105.14,47133.9,27.15,24.73
2026-03-16,52700,52900,50300,51000,242950,61311.68,54094.92,48394,24.5,20.96
2026-03-17,51400,53700,50300,52500,272493,58508.53,53318.03,49365.2,26.36,20.19
2026-03-18,52500,54600,52000,54400,282931,55520.3,53163.76,50370.16,34.33,27.69
2026-03-19,53500,54600,52500,53000,182384,55280.35,52997.2,50606.75,33.55,35.29
2026-03-20,52700,54200,52500,53900,237116,55022.98,52888.88,50815.21,36.56,45.83
2026-03-23,53800,54200,50700,51500,297585,54780.17,52869.26,51118.6,32.22,47.48
2026-03-24,52200,53600,50700,52700,260693,54803.51,52854.18,51118.99,33.49,45.77
2026-03-25,53600,54000,51100,52400,256147,54795.94,52792.36,51115.22,32.98,42.79
2026-03-26,53400,54000,51000,51500,173146,54318.61,52607.19,50961.39,30.51,37.52
2026-03-27,52800,52800,49300,51200,230794,54119.95,52477.46,50762.65,28.61,36.06
2026-03-30,49950,51400,47950,49750,250447,54161.08,52351.41,50169.39,24.64,33.41
2026-03-31,48800,51900,47950,49050,277513,54399.82,52128.08,49241.19,21.65,28.61
2026-04-01,48950,51900,48150,51000,253005,54241.13,51859.19,49098.53,27.56,31.49
2026-04-02,50400,52200,47200,47800,325211,54173.26,51484.02,48022.4,22.51,26.43
2026-04-03,51900,52200,47200,48350,189912,53915.72,51037.8,47509.34,21.2,22.97
2026-04-06,48800,49300,47650,48100,173787,53581.48,50646.82,46925.75,20.02,18.9
2026-04-07,48100,48900,47300,47800,184150,53399.83,50208.74,46571.36,18.86,15.31
2026-04-08,48450,50900,47300,50900,388970,52973.11,49901.22,46596.19,33.94,23.21
2026-04-09,49950,52300,49450,50700,384175,52383.6,49689.22,46790.36,39.09,32.63
2026-04-10,52300,52300,49900,50500,162679,51866.39,49532.48,47038.7,41.01,42.86
2026-04-13,51700,51700,49050,49700,186894,51381.73,49436.87,47058.71,39.2,46.86
2026-04-14,49100,51400,49050,51200,159146,51169.47,49475.22,46881.85,45.46,55.57
2026-04-15,50700,52900,50300,52700,245793,52088.54,49564.95,46982.72,54.35,70.21
2026-04-16,52500,54500,51900,53300,272029,52963.71,49856.03,47061,60.07,76.8
2026-04-17,54200,54500,52100,52900,194276,53532.75,50209.35,47022.85,61.77,78.51
2026-04-20,54100,54200,52100,52600,153397,53809.6,50599.84,47277.58,61.98,78.53
2026-04-21,53000,54400,52500,54300,267266,54361.18,51104.99,47940.46,67.52,83.28
2026-04-22,53200,54600,52800,54500,194946,55069.47,51541,48616.31,70.58,87.37
2026-04-23,54600,55700,52500,53400,356537,55282.9,51906.43,48938.64,67.69,82.57
2026-04-24,55700,55700,52400,53000,168604,55291.6,52227.64,49352.94,64.16,76.19
2026-04-27,53300,58300,52400,56700,891369,56267.72,52727.48,50178.51,73.45,76.84
2026-04-28,54000,58300,53200,57600,603408,57012.77,53287.5,50324.7,78.23,80.33
2026-04-29,57800,59200,56100,57900,361060,58030.86,53826.28,50720.26,80.74,81.59
2026-04-30,59200,60500,56000,57100,563165,58576.8,54295.22,50865.92,80.98,76.71
2026-05-04,59200,60500,56000,58000,366564,59204.44,54789.05,51077.39,82.56,74.23
2026-05-06,58100,58500,56500,57000,326626,59358.8,55261.71,51450.86,79.84,71.09
2026-05-07,57500,59200,56400,57600,362067,59646.2,55673.85,52045.85,80.62,70.06
2026-05-08,58000,62700,56400,59900,1759071,60504.34,56148.4,52536.51,84.43,71.69
2026-05-11,58200,63000,57800,62100,1004500,61671.78,56801.85,52869.14,88.05,77.15
2026-05-12,61300,64300,57500,60200,1176481,61359.38,57478.12,53246.63,87.65,75.39
2026-05-13,63800,64500,57500,63300,1474597,62841.08,58144.9,54287.41,90.21,78.32
2026-05-14,59400,64500,58600,62900,757395,63796.68,58752.08,54653.13,91.04,79.61
2026-05-15,63700,68000,60000,61700,2179914,64208.96,59263.25,54852.84,88.25,71.96
2026-05-18,63100,68000,56800,58500,609223,64389.87,59618.36,55294.61,70.08,58.28
2026-05-19,61700,61700,52500,54100,619590,64296.08,59652.41,54541.39,49.43,38.78
2026-05-20,58200,58300,50700,52600,468515,64215.81,59497.85,53224.23,39.56,27.32
2026-05-21,53500,61300,50700,60400,668139,64785.74,59561.16,53498.59,51.84,33.06
2026-05-22,54500,64000,53900,63000,657893,65209.97,59737.13,53615.16,60.38,43.94
2026-05-26,61000,65600,59400,63400,563248,65504.43,59888.54,53724.35,64.49,54.1
2026-05-27,63900,65600,61100,62100,533633,65696.99,60057.91,53673.13,64.95,59.72
2026-05-28,63400,65000,59300,61700,759930,65421.03,60079.03,53636.2,64.73,62.4
2026-05-29,63800,65000,59300,62100,884253,65289.94,60061.6,53623.04,65.43,64.43
2026-06-01,62600,65000,61500,62400,1029447,65431.44,60087.7,53638.64,66.36,66.29
2026-06-02,63000,65000,57400,60000,687152,65482.58,60168.43,53752.92,59.45,67.87
2026-06-04,62400,63000,56300,57600,409209,65550.97,60366.27,54792.68,49.96,62.49
2026-06-05,58900,59400,52900,55200,356244,65302.17,60583.54,56138.89,41.11,52.32
2026-06-08,56700,57000,49950,50400,421715,64384.01,60248.66,52736.67,30.9,32.1
2026-06-09,51200,52800,49400,51600,377880,65552.43,59575.21,51011.81,28.14,22.82
2026-06-10,51000,52600,48350,50300,382961,65922.94,58641.99,48961.11,25.3,17.79
2026-06-11,51000,52600,47500,50000,433578,66165.47,57607.5,47360.21,23.51,15.69
2026-06-12,48400,65000,47500,65000,1202691,66825.79,57198.79,46592.63,51.27,35.18
2026-06-15,53600,76600,53200,70600,7529135,69356.96,57328.44,47035.22,64.21,57.51
[/updown_bb / WAVE_L]
[slope_bb / WAVE_S]
slope_u,slope_m,slope_l
67790.68,61524.55,58227.91
69282.86,62011.79,57691.15
69733.7,62546.26,58606.44
69042.51,62859.89,59213.68
68554.89,62968.01,60090.94
69233.94,63369.8,60864.6
69416.66,63798.88,60989.94
69196.05,64008.7,61697.22
68744.69,63870.91,61085.73
68523.28,63616.15,60498.36
68960.3,63171.42,60088.78
68441.32,62511.92,59161.16
68035.54,61761.19,57699.08
67783.32,60984.79,55639.95
67963.13,60208.2,54407.2
67117.11,59307.88,53291.64
65672.8,58296.21,53413.75
63703.58,57301.24,53205.69
61762,56388.2,52079.14
60746.71,55605.67,51840.1
60250.57,54762.92,51856.18
59143.53,54124.53,52400.5
58638.04,53819.18,52080.58
59923.63,53914.51,51540.4
61966.89,54226.51,50628.27
62184.57,54344.53,50670.68
62752.85,54571.66,50255.91
64212.33,55047.45,49917.13
66286.48,55842.97,50112.64
67683.71,56739,49818.85
67582.75,57637.64,51326.83
66318.29,58507.3,52101.44
66853.46,59327.06,53448.37
68285.67,60064.25,54235.65
68685.93,60620.98,54464.98
68974.13,61383.36,55719.91
68410.92,62093.62,56679.94
67923.78,62607.37,58205.36
67542.81,62850.88,59487.18
67161.94,62964.04,60154.84
67117.2,63259.59,60908.67
66850.58,63458.5,61560.99
66602.87,63429.64,61740.49
66108.05,63165.76,61174.43
66336.77,62954.41,61167.87
66323.23,62788.77,60650.09
66159.92,62596.42,60827.83
65601.36,62367.43,60711.11
65148.21,62174.82,60602.09
65093.15,62060.84,60490.82
64968.67,61956.61,60224.1
65702.52,61981.81,60219.99
65782.6,62101.46,59917.6
65740.03,62257.92,60448.41
65362.88,62368.16,60595.47
65620.48,62441.31,60577.74
65730.94,62474.85,60465.96
65502.63,62465.85,60569.08
65169.35,62348.31,59869.04
65609.71,62196.51,59912.02
65811.48,62024.33,59239.75
65412.71,61728.46,58938.46
65074.05,61351.72,58618.54
64626.19,60913.64,57786.55
64494.5,60460.39,57482.3
63707.04,59916.12,57222.96
63364.05,59350.07,57399.91
62480.43,58797.23,56275.09
62108.16,58300.71,55084.76
62381.1,57805.3,54745.76
61821.09,57250.52,54223.12
61023.64,56674.2,54126.82
59924.25,56094.18,53591.26
59010.34,55519.17,52528.62
58562.06,54877.02,51702.21
58201.87,54160.25,51132.36
57513.97,53498.97,50636.83
56886.85,53003.49,50070.8
56585.53,52692.61,49526.52
56511.33,52345.73,49563.39
55750.29,52007.45,50029.51
54935.72,51679.9,50429.58
53763.26,51359.08,50305.96
52775.45,51077.71,49852.4
52642.88,50917.28,49830.98
53092.74,50934.58,49542.87
53319.97,50952.03,49491.7
53159.1,50835.64,49163.15
52593.92,50575.01,48785.73
52661.01,50373.87,48812.28
52621.21,50166.95,49044.83
54196.39,50189.18,49093.63
57540.27,50561.08,48421.33
61999.43,51315.72,47255.65
67025.97,52370.25,45496.63
68521.59,53225.7,45150.29
71916.41,54348.71,44487.34
77304.44,55958.31,44236.18
83785.83,58106.59,44067.01
85452.86,60193.75,43757.51
[/slope_bb / WAVE_S]
[slope_bb / WAVE_M]
slope_u,slope_m,slope_l
55711.76,53606.57,52896.5
55789.03,53730.12,53034.03
55424.4,53806.1,53293.01
55231.05,53816.52,53572.6
55287.99,53824.57,53586.07
56823.7,54009.58,53567.37
57829.65,54229.24,52947.46
57960.89,54349.94,53108.02
58553.25,54499.59,52958.34
59528.63,54778.55,52662.4
59806.45,55066.94,52517.92
60550.98,55409.49,52666.51
60982.78,55814.61,52835.56
61603.44,56331.93,53299.58
61084.3,56744.46,53768.71
60838.5,56975.65,54843.92
61267.29,57229.71,55043.24
61039.64,57467.4,55937.83
60705.23,57657.23,56776.11
60686.85,57779.63,57148.55
60256.35,57874.59,57285.59
60082.14,57861.2,57560.01
60045.28,57821.76,57525.8
59866.31,57775.24,57463.73
59921.06,57764.34,57321.92
59861.93,57809.54,57391.6
61580.68,57949.85,57327.44
62272.95,58164.66,56881.49
62411.57,58343.57,56917.7
63448.16,58611.8,56768.36
64478.97,58986.19,56567.69
65590.69,59464.35,56600.66
65935.06,59806.09,57203.81
65603.92,60056.94,58235.43
65497.34,60346.85,58629.56
64575.5,60532.63,59316.03
65076.65,60707.51,60184.29
65010.47,60842.56,60224.52
65463.76,61095.6,60109.09
65960.39,61286.36,59659.06
68623.53,61645.27,59223.05
68921.1,61829.69,58327.53
68696.19,62061.43,59276.71
69856.9,62497.55,59543.96
70163.07,62744.15,59823.72
69235.57,62871.52,60551.44
69072.05,62712.98,60452.49
68794.96,62366.55,58675.31
68907.23,61770.66,57149.94
69828.66,61108.89,56082.92
68528.33,60042.93,54157.1
68233.12,59003.07,53528.73
67723.29,58021.04,52630.99
65649.66,57036.94,52591.06
64743.22,56450.9,52710.61
63187.77,56037.58,52995.98
63519.41,55917.07,52983.37
65227.99,56202.11,51884.07
66039.15,56642.14,51084.25
68025.84,57281.21,50527.63
69286.08,58131.49,50687.24
70091.67,59142.44,51377.62
69114.61,60136.05,52690.42
68442.34,60897.71,54937.9
68474.14,61473.12,56594.16
67151.61,61946.63,57976.46
66482.25,62254.81,59913.16
66630.15,62444.37,60823.78
66080.16,62499.83,60791.24
65801.97,62435.42,61367.27
66476.75,62476.12,61080.85
66120.82,62401.14,60855.96
65921.17,62354.45,61127.28
65861.34,62360.37,61065.26
65598.73,62148.2,60389.69
65280.25,62025.41,60696.25
65545.2,61906.03,60410.8
65327.62,61601.79,59551.43
65168.07,61340.08,59079.93
65457.69,60951.93,58078.66
64607.52,60234.67,56253.63
64529.09,59507.7,55752.42
64607.81,58764.16,55233.35
63741.84,57865.92,54239.66
62541.56,56995.38,52532.36
61985.84,56052.23,51185.71
61385.35,55133.22,51125.81
60448.81,54342.06,50515.86
59407.49,53627.67,50330.53
58146.08,52874.22,49748.07
56674.83,52303.59,49471.89
55938.27,51796.46,49367.08
55266.96,51211.42,49618.15
53914,50797.36,49816.54
53567.93,50670.69,49655.04
57931.83,50999.41,49214.26
64710.07,51746.31,47674.82
67996.74,52635.7,45710.71
76548.56,54064,43864.31
82104.83,55802.24,41828.54
[/slope_bb / WAVE_M]
[slope_bb / WAVE_L]
slope_u,slope_m,slope_l
68790.13,59032.18,57343.83
68823.85,59226.47,57149.91
71798.39,59647.23,56332.86
72499.11,60205.06,55802.41
76565.35,61084.83,55762.8
77988.38,62051.55,55996.64
78829.15,62958.42,56300.02
77569.03,63830.63,58446.13
76291.26,64502.88,60797.48
75377.87,64984.8,62627.39
74708.47,65409.22,63773.91
74105.43,65633.92,64800.99
73409.11,65499.02,64623.59
72855.83,65412.5,64471.35
70601.06,65003.97,64296.53
70159.22,64503.06,64225.81
69850.47,63898.7,62702.29
69233.63,63274.67,61443.4
69165.42,62673.34,60659.96
68839.45,62133.97,59971.6
67937.54,61599.4,59880.25
66757.62,61042.12,59228.4
65615.53,60674,58963.45
64870.08,60316.82,58860.29
64057.82,59961.82,58936.11
63708.63,59697.96,59815.15
63440.69,59729.57,59949.35
64688.22,59957.8,59911.95
65586.43,60238.17,59577.45
66010.76,60280.08,59277.86
65914.32,59745.03,54601.43
66527.51,59294.72,54958.22
66801,58773.96,54392.09
67024.53,58072.22,52620.95
67450.95,57368.62,51805.25
67741.04,56691.64,50839.69
66937.97,55990.46,50242.5
65198.02,55105.14,50208.92
62841.41,54094.92,51464.6
59854.23,53318.03,52383.88
56924.41,53163.76,53106.77
56790.61,52997.2,52993.36
56507.5,52888.88,52940.3
56258.69,52869.26,53121.43
56152.77,52854.18,53129.5
56134.6,52792.36,53048.4
55563.05,52607.19,52899.96
55176.91,52477.46,52854.07
54939.92,52351.41,52505.28
55166.31,52128.08,51620.52
55203.91,51859.19,51375.23
55416.54,51484.02,50178.13
55322.38,51037.8,49685.74
54714.19,50646.82,49231.68
54344.47,50208.74,48857.08
54010.32,49901.22,48760.12
53696.33,49689.22,48663.85
53372.07,49532.48,48650.72
52781.88,49436.87,48670.94
52397.54,49475.22,48543.34
53495.97,49564.95,48439.65
54662.26,49856.03,48227.64
55383.91,50209.35,48002.81
55573.48,50599.84,48253.39
55989.3,51104.99,48952.96
56660.98,51541,49578.43
56933.65,51906.43,49855.26
56916.62,52227.64,50342.47
57994.58,52727.48,51367.74
59080.62,53287.5,51502.8
60547.66,53826.28,51649.96
61298.86,54295.22,51755.06
61917.78,54789.05,52104.56
61787.76,55261.71,52646.06
61866.83,55673.85,53346.48
62925.12,56148.4,53863.58
64435.91,56801.85,54116.85
64523.07,57478.12,54421.78
66259.01,58144.9,55629.39
67114.11,58752.08,56318.41
67964.54,59263.25,56479.23
68365.3,59618.36,57285.77
67908.23,59652.41,57238.46
67111.94,59497.85,56702.43
67462.69,59561.16,57616.91
68551.33,59737.13,57683.48
69890.61,59888.54,57106.84
70540.83,60057.91,56508.14
70119.57,60079.03,56342.68
69695.05,60061.6,56330.47
69476.41,60087.7,56277.12
69254.38,60168.43,56513.67
68898.66,60366.27,57898.33
67933.19,60583.54,59874.93
66312.95,60248.66,56819.54
66719.26,59575.21,55403.42
66780.6,58641.99,53261.85
66961.44,57607.5,51500.91
68970.23,57198.79,50586.55
75071.97,57328.44,50366.25
[/slope_bb / WAVE_L]
[sr_band / WAVE_S]
sr_up,sr_mid,sr_down
63538.18,61457.11,59376.04
64658.02,62500.58,60343.14
65801.13,63525.3,61249.46
65953.47,63570.08,61186.7
66107.83,63297.12,60486.41
66264.85,62881.47,59498.09
66461.42,62944.53,59427.65
66579.4,63285.58,59991.76
65690.92,62920.39,60149.87
64227.39,62034.2,59841
62755.53,61026.01,59296.49
61753.63,60241.19,58728.75
61078.96,59503.91,57928.85
60094.26,58336.43,56578.6
59041.9,57091.48,55141.06
58157.47,56073.29,53989.12
59607.06,56455.98,53304.9
60001.23,56370.4,52739.56
58803.23,55556.92,52310.61
56574.97,54288.91,52002.85
54476.84,52788.45,51100.05
52853.66,51806.07,50758.47
55306.27,53313.05,51319.84
59830.45,56117.37,52404.29
64480.11,58965.02,53449.94
67657.79,60961.34,54264.89
67368.31,60630.24,53892.17
66555.83,60069.89,53583.94
65949.92,59713.07,53476.21
66026.06,59845.61,53665.16
66321.81,60102.94,53884.07
65742.63,59576.06,53409.49
65497.99,59352.55,53207.11
65560.82,59411.18,53261.55
65942.36,59752.45,53562.53
66323.9,60093.71,53863.52
66705.44,60434.97,54164.51
66854.72,60570.76,54286.79
66533,60035.23,53537.45
65998.18,59201.89,52405.61
65483.11,58401.95,51320.8
65118.22,59191.57,53264.91
64945,60843.09,56741.18
64159.58,60957.4,57755.22
63112.16,59812.92,56513.67
62702.06,59778.12,56854.18
62893.57,60392.27,57890.96
63400.23,61335.11,59269.99
63833.69,62203.18,60572.68
64073.03,62786.46,61499.9
64054.06,62817.38,61580.7
63929.59,62614.48,61299.37
63806.46,62376.08,60945.7
63738.06,62185.49,60632.92
63800.48,62099.17,60397.86
63936.59,62121.95,60307.3
64078.01,62384.13,60690.25
64174.22,62521.55,60868.87
63696.09,61140.76,58585.43
62947.06,59056.78,55166.5
62733.2,58441.94,54150.67
63006.87,58898.54,54790.2
62963.07,59633.67,56304.28
61885.16,58963.45,56041.74
60350.84,57462.54,54574.23
58882.43,55627.06,52371.69
57905.46,54263.58,50621.71
57519.23,53568.21,49617.19
57624.41,53561.75,49499.1
57920.55,53863.46,49806.37
58223.01,54240.04,50257.08
59249.92,55305.38,51360.84
59159.4,55537.98,51916.56
58350.5,55157.3,51964.1
57207.77,54422.39,51637.02
55700.53,53288.74,50876.94
54194.02,52067.56,49941.1
53215.54,51224.66,49233.78
53415.16,51237.18,49059.2
54260.56,51747.23,49233.89
55320.35,52455.39,49590.44
56166.74,53049.63,49932.53
56655.48,53406.43,50157.38
55802.31,52918.03,50033.76
54349.59,52046.06,49742.53
52899.73,51266.27,49632.81
51928.47,50691.94,49455.41
51451.34,50357.72,49264.09
51230.14,49961.64,48693.14
51229.62,49828.6,48427.57
51315.96,49854.29,48392.61
51440.32,50015.37,48590.42
52650.01,50860.42,49070.84
55689.69,53148.7,50607.71
59208.86,55809.51,52410.15
62093.1,58023.01,53952.92
64334.26,60174.32,56014.39
66197.73,62492.13,58786.54
69220.3,65565.52,61910.75
72439.76,68478.89,64518.02
[/sr_band / WAVE_S]
[sr_band / WAVE_M]
sr_up,sr_mid,sr_down
54259.45,53415.01,52570.57
54175.92,53358.23,52540.54
54059.16,53366.67,52674.17
54179.28,53526.66,52874.04
54452.96,53764.59,53076.22
57050.23,55131.66,53213.08
60536.91,56908.77,53280.64
63778.14,58526.52,53274.9
63979.48,58563.69,53147.9
64092.67,58580.49,53068.3
62171.37,57562.3,52953.22
61619.99,57279.04,52938.08
61953.07,57466.01,52978.96
63235.26,58149.08,53062.91
64190.66,58657.3,53123.94
64982.63,59075.51,53168.39
65184.47,59182.08,53179.69
65076.94,59583.7,54090.47
63625.74,59505.92,55386.1
61739.51,59183.69,56627.86
59972.78,58698.62,57424.45
58856.21,58320.68,57785.15
58343.7,58028.73,57713.76
58412.23,57939.18,57466.13
58715.69,57962.39,57209.08
59038.74,58032.67,57026.59
60448.4,58687.99,56927.58
62274.1,59588.43,56902.76
63938.28,60424.44,56910.6
64240.7,60575.62,56910.53
64404.12,60657.5,56910.87
64383.08,60647.09,56911.09
63680.76,60291.03,56901.3
62632.82,59759.36,56885.89
61720.46,59296.33,56872.2
61048.15,58955.05,56861.95
61146.86,59001.58,56856.3
61778.84,59555.05,57331.25
62548.61,60280.74,58012.87
63111.91,60888.45,58664.99
64225.12,61939.05,59652.98
64924.34,62509.01,60093.69
64921.36,62476.41,60031.46
65216.88,62429.35,59641.82
65762.22,62821.11,59880
66291.5,63041.17,59790.83
66689.78,63134.52,59579.25
65676.99,62222.87,58768.75
62783.55,59806.65,56829.74
59369.85,56934.85,54499.86
56614.42,54623.58,52632.73
55008.61,53283.79,51558.97
54551.18,52889.24,51227.3
54906.12,53180.94,51455.76
57932.75,54790.5,51648.24
61925.26,56809.45,51693.65
65590.67,58609.4,51628.13
67936.06,59747.9,51559.75
69009.1,60261.69,51514.27
68882.23,60211.54,51540.85
68260.39,59931.96,51603.54
67598.43,59634.35,51670.27
67117,59417.9,51718.81
66816.11,59282.63,51749.14
66215.43,58988.35,51761.28
65498.87,58631.59,51764.31
64842.42,58303.36,51764.31
64414.13,58089.22,51764.31
64213.99,59058.99,53903.99
64074.91,60518.43,56961.95
63960.19,61923.18,59886.17
63863.92,62781.48,61699.05
63810.99,63132.9,62454.81
63883.46,63041.81,62200.16
64034.48,62798.59,61562.7
64195.78,62565.24,60934.7
64314.89,62413.6,60512.31
64300.45,61262.58,58224.71
64199.29,59710.48,55221.67
64074.32,58246.93,52419.54
63980.68,57294.46,50608.24
63930.09,56845.57,49761.04
63924.62,56903.06,49881.5
63941.71,57175.71,50409.71
63963.25,57467.62,50972
61532.04,56171.33,50810.63
58044.23,54147.69,50251.15
54703.25,52138.61,49573.97
55051.48,52181.72,49311.96
55117.29,52143.22,49169.16
55101.97,52145.29,49188.61
57062.34,53257.14,49451.94
57123.8,53125.33,49126.87
56040.89,52480.29,48919.69
57199.97,53146.12,49092.28
59929.37,54740.7,49552.03
62640.77,56318.81,49996.85
64815.63,57602.99,50390.35
66681.74,59880.21,53078.69
69532.61,63511.25,57489.9
[/sr_band / WAVE_M]
[sr_band / WAVE_L]
sr_up,sr_mid,sr_down
64103.53,58078.9,52054.28
64519.92,59077.45,53634.98
65072.96,60109.75,55146.55
65261.6,60697.18,56132.76
65226.86,60910.23,56593.6
65076.1,60802.59,56529.08
64939.45,60591.4,56243.36
64802.8,60371,55939.2
66951.95,61334.97,55718
70098.31,62839.03,55579.74
73128.86,64326.65,55524.44
75106.11,66138.57,57171.02
76030.06,67787.04,59544.02
75900.71,68856.98,61813.25
75327.86,69310.82,63293.78
74718.05,69351.83,63985.62
74274.56,68251.45,62228.35
73997.37,66711.89,59426.41
73886.5,65293.54,56700.58
73858.78,64373.37,54887.96
73858.78,64155.1,54451.42
73858.78,64492.76,55126.74
73858.78,65013.13,56167.48
73858.78,65447.79,57036.8
73858.78,65710.26,57561.74
73858.78,65882.69,57906.59
73858.78,65981.82,58104.86
73858.78,66040.83,58222.88
73858.78,66067.8,58276.82
73858.78,66073.1,58287.42
69819.3,63170.41,56521.52
64046.2,59021.24,53996.28
58525.58,55054,51582.42
54923.7,52463.92,50004.14
53240.59,51251.02,49261.45
53476.22,51415.28,49354.33
56256.35,52849.31,49442.27
59849.1,54628.35,49407.6
63030.34,56147.83,49265.31
65083.75,57123.35,49162.96
66009.3,57554.93,49100.56
65958.49,57673.18,49387.86
65509.87,57669.98,49830.08
62600.7,56431.84,50262.97
58778.2,54665.49,50552.77
55237.93,52968.7,50699.48
52982.92,51843,50703.09
51948.04,51296.18,50644.33
52089.88,51333.45,50577.02
52718.05,51500.67,50283.3
53386.74,51644.82,49902.9
53873.06,50095.08,46317.09
54177.01,47821.82,41466.63
54298.59,45618.26,36937.93
53785.39,43924.72,34064.05
53008.5,42893.09,32777.67
52265.58,44269.28,36272.99
51780.87,46525.33,41269.8
51554.37,48715.92,45877.46
51472.75,50095.21,48717.66
51451.2,50732.24,50013.28
52102.73,50936.58,49770.43
53049.26,51026.82,49004.38
53967.8,51107.64,48247.47
54587.35,51164.74,47742.13
54897.15,51169,47440.86
54890,51116.83,47343.66
54742.96,51036.02,47329.07
57008.08,52553.22,48098.37
60357.53,54773.05,49188.56
63600.03,56915.55,50231.08
65735.37,58323.31,50911.26
66740.33,58984.71,51229.1
66598.49,58891.54,51184.6
64823.88,57524.3,50224.72
62516.73,55720.74,48924.75
61610.05,55051.27,48492.49
61922.31,55364.73,48807.15
62889.85,56191.77,49493.69
63948.57,57078.7,50208.83
64722.42,57723.07,50723.73
64970.81,57929.91,50889.01
63757.5,56919.59,50081.69
61947.08,55412.08,48877.08
60208.31,53964.22,47720.14
60754.25,53854.2,46954.14
62644.77,55246.35,47847.93
65016.77,57342.9,49669.03
66826.23,59200.17,51574.12
67848.65,60373.46,52898.28
67978.94,60775.26,53571.58
67683.81,60638.92,53594.03
67274.41,60291.86,53309.31
66557.19,59766.17,52975.16
65784.63,59254.92,52725.2
65163.87,58866.42,52568.98
63487.98,57372.35,51256.72
59517.37,54486.17,49454.96
58228.25,53612.48,48996.71
59152.39,54410.42,49668.46
[/sr_band / WAVE_L]
[divergence / WAVE_S]
hma20,ema20
63431.996,62089.874
64532.031,62709.399
65302.211,63085.021
65239.15,63103.153
64552.025,63019.142
64106.233,63305.47
64123.261,63641.593
64164.65,63678.981
63623.987,63297.531
62480.066,62760.157
61113.51,62276.025
59695.125,61662.622
58240.747,60863.613
56672.525,59873.992
55247.384,58965.113
54402.313,58351.591
54022.562,57749.032
53744.227,57048.754
53203.742,56212.718
52613.054,55540.714
51918.371,54836.939
51578.375,54415.389
51980.045,54378.87
53333.884,54741.631
55317.917,55333.171
56919.925,55594.591
57947.25,55906.262
58658.485,56406.117
59493.398,57133.316
60515.137,57923.072
61286.603,58420.037
61804.185,58928.22
62286.136,59561.65
62974.128,60322.437
63596.528,60911.522
64248.013,61544.849
64732.44,62066.026
64838.952,62380.011
64411.699,62463.792
63727.042,62490.119
63284.891,62694.082
63043.069,62786.811
62730.363,62666.22
62164.402,62382.754
61626.589,62212.959
61529.864,62308.496
61720.848,62341.098
61815.233,62188.735
61642.705,61957.098
61448.925,61868.305
61556.052,61995.811
62093.2,62261.317
62764.646,62453.827
63177.392,62493.443
63248.005,62503.968
63301.937,62679.589
63208.71,62705.696
62732.306,62470.682
61708.668,61974.068
60635.926,61606.189
60004.463,61468.309
59777.24,61291.772
59624.311,60975.58
59212.782,60487.471
58614.304,60038.611
58027.255,59672.896
57425.869,59216.495
56668.071,58610.722
55718.999,57913.157
54916.894,57382.88
54481.954,57004.175
54275.628,56591.446
54013.648,56075.29
53459.758,55432.66
52594.699,54735.322
51562.814,54030.616
50635.648,53397.765
50119.789,52949.068
50184.583,52715.655
50564.07,52499.68
51116.056,52393.787
51499.514,52223.755
51451.841,51918.409
50923.794,51520.009
50325.442,51242.372
50111.664,51204.201
50166.278,51116.97
50142.904,50871.332
49863.556,50541.83
49568.595,50355.375
49411.998,50263.139
49866.397,50520.927
51252.709,51201.368
53647.092,52305.397
56851.156,53802.292
59548.516,54854.047
61772.787,56145.049
64073.279,57911.754
67125.163,60208.135
69910.374,62059.014
[/divergence / WAVE_S]
[divergence / WAVE_M]
hma20,ema20
54243.4,53635.748
54158.627,53712.705
53982.485,53696.571
53723.44,53635.098
53594.42,53668.092
53953.971,53967.139
54674.179,54316.236
55300.253,54489.789
55853.431,54764.488
56391.523,55123.606
56763.436,55392.093
57160.099,55772.53
57563.045,56118.472
58082.323,56557.235
58383.317,56808.989
58416.371,56957.302
58428.917,57224.665
58270.971,57301.57
58093.919,57410.186
57971.936,57510.821
57837.516,57517.919
57633.017,57487.49
57428.877,57449.921
57460.291,57562.021
57578.444,57611.257
57785.875,57695.89
58408.107,58084.075
59154.323,58395.286
59750.315,58630.346
60316.811,58996.822
60912.692,59414.448
61574.08,59908.564
61791.089,60052.145
61651.679,60147.202
61322.167,60253.519
60801.473,60195.53
60672.555,60447.194
60771.273,60574.295
61246.225,60873.251
61859.945,61178.759
63011.46,61852.229
63951.214,62238.421
64323.918,62379.734
64635.703,62844.536
64500.624,62908.789
63608.071,62599.611
62154.872,62125.916
60199.362,61317.922
58004.222,60398.246
56137.837,59586.885
54570.551,58611.693
53369.979,57696.418
52554.391,56878.032
52640.329,56553.882
53785.157,56696.363
55297.599,56765.208
57034.932,57133.212
58891.579,57751.238
60421.365,58280.107
61757.357,59015.802
62820.335,59690.418
63722.757,60417.089
64152.312,60910.598
64128.82,61238.092
63883.654,61575.109
63283.897,61617.828
62604.958,61663.868
62186.238,61802.784
61766.55,61695.85
61506.471,61693.4
61755.019,61955.17
62237.55,62133.751
62634.648,62230.249
62897.516,62328.561
62576.422,62081.554
61831.555,61808.932
61044.818,61603.166
60184.123,61199.956
59268.451,60726.789
58356.272,60194.816
57214.768,59424.942
56085.497,58741.8
55142.325,58103.119
54224.462,57318.663
53136.801,56399.745
51935.47,55445.371
51020.37,54725.683
50514.838,54134.445
50416.282,53647.027
50300.311,53032.382
50172.517,52527.247
50111.056,52176.193
49848.801,51667.546
49580.665,51300.355
49729.723,51245.359
50976.366,51825.821
53721.73,53122.23
57142.007,54439.612
61396.028,56493.609
65555.036,58521.85
[/divergence / WAVE_M]
[divergence / WAVE_L]
hma20,ema20
59222.358,58547.462
60784.725,59261.656
62710.931,60238.906
64217.256,60935.733
65876.926,62106.042
67287.289,63084.93
68058.158,63721.273
67938.538,64087.694
67280.312,64316.135
66319.025,64437.424
65557.413,64612.004
64975.497,64632.093
64301.078,64387.624
63627.25,64172.837
63127.455,64011.798
62654.721,63733.429
61832.451,63153.041
60726.62,62488.169
59649.93,61914.106
58933.751,61491.454
58756.738,61229.731
58769.482,60851.524
58967.984,60625.135
59199.239,60445.01
59430.952,60316.302
59616.152,60230.108
60017.086,60344.16
60682.193,60604.949
61463.128,60883.054
61599.772,60724.061
59985.267,59629.048
57565.41,58723.127
55212.167,57936.882
53173.923,56969.638
51839.615,56193.56
51416.783,55626.067
51767.634,55302.357
52212.418,54870.159
52381.005,54354.189
52336.688,53969.727
52407.377,53822.292
52536.263,53669.315
52807.818,53604.988
52888.075,53389.701
52844.734,53237.089
52674.216,53094.746
52404.456,52894.608
52032.979,52664.301
51504.755,52320.218
50804.966,51899.519
50273.17,51639.584
49693.867,51201.34
49132.241,50774.421
48607.153,50362.914
48175.08,49964.11
48160.91,49857.729
48572.865,49860.695
49202.907,49897.03
49722.432,49882.252
50177.064,49974.539
50701.73,50227.742
51365.473,50575.433
52037.145,50904.721
52570.772,51179.494
53062.9,51550.686
53537.403,51948.579
53849.942,52235.813
53922.34,52424.316
54201.17,52858.84
54839.399,53428.146
55757.728,54033.016
56633.428,54541.47
57379.672,55047.532
57773.566,55428.445
57904.919,55776.45
58128.106,56268.832
58789.931,56958.657
59570.61,57518.043
60577.714,58238.763
61596.757,58933.866
62327.478,59467.097
62285.071,59633.185
61133.774,59275.396
59030.95,58606.579
57440.463,58491.86
57201.305,58810.481
58279.777,59313.468
59903.326,59752.659
61392.338,60105.483
62338.126,60429.494
62753.412,60738.243
62562.456,60819.997
61728.37,60606.126
60252.574,60090.39
57984.325,59097.022
55479.397,58081.16
53142.775,57019.994
51307.551,55995.276
51708.003,56288.165
54845.306,57541.96
[/divergence / WAVE_L]
[price_index / WAVE_S]
ap1,ap2
65109.13,63375.47
66202.42,64327.39
65434.4,64531.54
63596.75,63953.67
62839.34,63432.31
64928.4,64062.11
65593.64,64630.01
64125.13,64328.18
61421.46,63146.86
59759.06,61972.09
59416.1,61217.11
58124.13,60225.55
56417.3,58924.01
54518.19,57378.54
53989.23,56283.84
54774.94,55978.5
54238.65,55511.8
53071.37,54730.11
51592.82,53664.53
51702.64,53120.14
50847.04,52423.15
51791.65,52425.55
53704.61,53166.8
56157.42,54508.47
58083.64,55939.65
56951.47,56167.82
57634.53,56602.2
59174.77,57480.37
61086.92,58744.42
62233.02,59899.15
61351.52,60167.35
61917.16,60619.56
63159.82,61428.78
64534.98,62463.43
64313.12,62941.15
65141.84,63600.41
65106.31,63970.95
64380.55,63907.16
63284.16,63464.35
62950.17,63147.52
63955.03,63428.57
63477.75,63365.04
62229.41,62830.34
61037.62,62087.72
61327.81,61852.37
62686.59,62287.34
62430.12,62365.22
61340.7,61948.32
60656.12,61469.64
61228.87,61466.12
62456.44,61949.44
63508.21,62594.32
63429.47,62870.16
62739.07,62735.51
62592.68,62626.17
63607.25,63000.96
62925.16,62898.53
61345.73,62215
59466.73,61112.25
59641.28,60635.24
60611.51,60765.49
60257.73,60641.35
59230.61,60137.13
57856.7,59300.13
57564.19,58734.38
57577.25,58414.22
56669,57831.44
55336.68,56943.87
54191.94,55975.37
54443.46,55548.52
54805.08,55425.67
54243.91,55076.91
53232.91,54444.18
51988.68,53567.31
51034.45,52677.46
50290.65,51865.62
50007.46,51279.24
50449.3,51114.52
51281.08,51327.66
51187.7,51351.41
51647.54,51537.52
51205.58,51427.9
50248.38,50969.44
49399.38,50375.06
49690.37,50185.87
50839.89,50542.66
50565.39,50573.64
49563.5,50165.02
48812.81,49648.86
49313.94,49593.7
49710.37,49706.92
51788.78,50596.67
54651.74,52211.66
57934,54404.18
61392.67,57031.08
60529.94,58044.93
63072.66,59759.58
67166.57,62475.93
72021.97,66032.07
71917.75,67873.42
[/price_index / WAVE_S]
[price_index / WAVE_M]
ap1,ap2
53789.66,53896.71
54143.54,53988.3
53652.82,53830.61
53331.48,53626.78
53817.65,53734
55463.39,54469.44
56105.8,55096.58
55447.81,55151
56247.06,55541.11
57064.68,56091.22
56929.4,56323.42
57889.22,56866.28
58111.33,57241.45
59041.35,57842.73
58385.96,57901.93
57986.03,57813.16
58826.55,58150.36
57942.24,57972.58
58163.75,58007.21
58187.14,58045.97
57678.19,57869.59
57398.05,57686.03
57248.29,57544.15
58087.27,57817.61
57821.49,57836.98
58064.23,57954.23
60045.52,58823.41
60056.77,59244.62
59953.07,59440.22
61045.51,60008.06
61782.32,60600.75
62719.57,61308.11
61110.21,61042.09
60892.98,60888.79
61009.23,60900.54
60019.17,60546.38
61842.7,61124.12
61375.3,61205.46
62616.82,61746.88
63026.38,62171.42
65647.92,63446.52
64669.78,63694.47
63473.11,63423.61
65609.47,64190.85
63592.83,63793.17
61047.57,62704.24
59287.11,61599.41
56618.13,59962.77
55115.66,58446.45
54751.41,57458.07
52961.87,56100.44
52338.79,55056.36
51985.53,54279.45
54119.34,54677.39
56703.62,55826.85
56580.91,56271.51
58574.03,57297.38
60625.04,58621.98
60969.59,59399.5
62953.04,60617.23
63489.64,61467.79
64549.34,62398.84
63945.75,62677.55
63434.58,62681.15
63780.62,62896.43
62339.76,62441.81
62328.79,62254.88
62865.26,62399.43
61500.67,61901.06
61933.33,61857.51
63470.32,62470.35
63253.89,62670.76
62896.48,62649.17
62953.3,62683.63
60845.57,61864.27
60339.95,61273.2
60400.39,60997.51
58924.08,60239.76
58056.01,59482.01
57167.62,58711.01
55190.63,57460.55
54886.96,56662.43
54423.06,56010.81
52909.22,54987.89
51326.76,53746.89
50184.12,52581.65
50585.11,52095.12
50639.52,51787.29
50687.9,51584.58
49484.48,50926.4
49519.25,50576.47
49956.79,50532.55
48703.12,49946.09
49033.99,49768.04
50571.95,50276.78
54470.12,52082.11
59581.72,55039.88
61460.45,57237.09
67268.38,60876.81
69318,63695.61
[/price_index / WAVE_M]
[price_index / WAVE_L]
ap1,ap2
61844.41,60049.87
63415.38,61134.22
65939.9,62689.02
65341.86,63260.23
68984.2,65090.36
69195.38,66108.51
68054.59,66288.39
66846.95,66066.36
66155.14,65809.05
65526.11,65524.35
65853.66,65559.27
64935.61,65255.94
63070.81,64438.34
62779.96,63965.13
62739.14,63722.82
61642.12,63192.11
59297.1,62020.69
58035.7,60936.26
57802.98,60253.33
58132.08,59970.16
58788.92,59992.05
57889.76,59567.68
58528.05,59548.01
58676.95,59532.31
58898.15,59559.16
59126.04,59617.16
60435.38,60111.62
61673.8,60782.96
62250.25,61299.01
59806.08,60623.68
53723.41,57937.89
53466.99,56573.66
53117.08,55701.18
51078.83,54386.92
51144.67,53702.41
51631.05,53457.99
52666.98,53627.92
51761.03,53264.9
50837.54,52668.76
51133.55,52446.45
52299.2,52721.35
52221.47,52758.68
52703.44,52925.7
51785.43,52611.77
52016.91,52529.24
52019.68,52444.76
51593.24,52194.65
51230.3,51906.18
50270.59,51366.36
49396.23,50738.65
49940.52,50612.39
48584.27,49966.88
48132.79,49460.49
47736.3,49025.38
47367.3,48622.42
48831.34,48945.28
49506.16,49308.25
49817.33,49575.15
49596.6,49607.59
50301.36,49896.7
51518.78,50495.42
52522.26,51161.41
52855.59,51630.32
52904.02,51910.84
53807.36,52441.77
54389.19,52967.25
54129.11,53161.24
53799.16,53171.42
55462.11,53888.11
56772.07,54785.43
57614.93,55602.74
57684.07,56082.3
58206.31,56588.24
57954,56793.47
58115.4,57016
59343.57,57660.04
61109.91,58708.44
61156.34,59248.53
62772.91,60213.82
63471,60998.04
63219.97,61349.13
61351.08,60903.81
57876.71,59489.17
55013.11,57847.64
57520.44,58062.2
60198.01,59132.75
61947.69,60247.16
62305.2,60892.67
62349.63,61238.49
62606.1,61533.23
62885.33,61810.43
61715.11,61546.45
59725.67,60732.55
57274.81,59478.76
53276.35,57413.3
51712.79,55829.6
50191.65,54389.82
49298.08,53200.03
56532.61,55318.69
63392.56,58825.03
[/price_index / WAVE_L]
[fund_updown_bb / FUND_WAVE_L]
datetime,fund_open,fund_high,fund_low,fund_close,fund_volume,fund_upbb_u,fund_upbb_m,fund_upbb_l
2026-01-15,1482.469,1558.738,1328.609,1390.922,1715983,1481.95,1207.96,801.29
2026-01-16,1353.089,1744.497,1328.609,1639.776,4165500,1583.74,1260.17,937.84
2026-01-19,1637.222,1774.835,1583.584,1746.334,2948221,1688.13,1314.64,978.69
2026-01-20,1699.696,1774.835,1560.264,1595.382,2345285,1724.18,1358.14,987.93
2026-01-21,1725.822,2478.178,1560.264,2334.326,6796873,2085.59,1423.29,1000.84
2026-01-22,2013.928,2478.178,2007.39,2146.097,2934852,2235.84,1496.09,922.44
2026-01-23,2338.898,2370.504,1836.427,1856.265,1644337,2272.07,1565.51,908.13
2026-01-26,1895.941,1932.783,1566.88,1599.11,1141498,2292.55,1627.69,1022.76
2026-01-27,1586.713,1631.34,1354.518,1411.32,1083722,2282.9,1664.26,1115.2
2026-01-28,1374.18,1426.613,1229.933,1235.698,936718,2268.59,1675.33,1131.98
2026-01-29,1274.134,1276.056,1167.652,1198.668,1545214,2250.31,1675.09,1100.7
2026-01-30,1191.37,1222.386,1013.006,1021.007,757744,2283.21,1649.08,1000.83
2026-02-02,1037.01,1038.611,847.346,862.803,672677,2327.94,1597.52,833.99
2026-02-03,868.424,902.149,791.442,829.695,1049183,2386.12,1537.23,680.06
2026-02-04,827.057,831.015,717.861,734.097,562307,2250.09,1434.1,524.4
2026-02-05,732.937,748.013,634.555,637.666,587238,2125.32,1312.68,423.35
2026-02-06,643.887,666.698,579.849,600.521,1098802,2046.86,1191.64,427.76
2026-02-09,608.79,625.327,577.518,587.65,1002956,1879.2,1080.34,398.77
2026-02-10,604.874,614.162,577.518,581.63,943481,1708.03,981.34,384.95
2026-02-11,592.474,614.162,527.098,533.331,547572,1542.2,894.16,364.82
2026-02-12,530.66,544.46,469.257,486.904,483701,1393.74,812.88,376.37
2026-02-13,481.289,486.904,426.112,426.112,486817,1239.38,740.26,365.72
2026-02-19,434.165,441.487,395.788,409.389,507788,1103.3,678.72,342.24
2026-02-20,399.188,416.19,376.304,376.934,464498,996.64,623.24,330.76
2026-02-23,383.237,384.498,365.825,368.28,589683,899.5,575.22,317.52
2026-02-24,375.646,384.239,326.224,332.306,333127,816.84,534.08,288.17
2026-02-25,330.095,468.271,326.224,453.683,1545295,746.57,503.87,277.84
2026-02-26,445.659,468.271,432.725,446.89,671344,690.07,479.82,286.18
2026-02-27,446.182,499.815,432.725,482.898,1089383,638.41,461.26,308.81
2026-03-03,475.208,499.815,447.796,448.574,880798,585.96,446.51,330.46
2026-03-04,484.398,492.186,378.794,388.092,998624,537.75,433.39,342.22
2026-03-05,433.37,447.114,378.794,404.584,558781,499.01,424.81,344.64
2026-03-06,394.075,408.337,359.45,374.775,517396,480.46,418.1,341.49
2026-03-09,361.539,377.561,306.364,318.062,403977,476.94,411.46,321.44
2026-03-10,316.797,318.694,287.606,296.048,306657,486.83,404.43,297.98
2026-03-11,301.114,303.928,271.861,277.039,363731,500.15,398.04,276.66
2026-03-12,284.289,286.619,249.937,259.386,313342,504.87,385.82,247.25
2026-03-13,253.244,259.386,246.716,249.111,544159,507.07,370.56,220.27
2026-03-16,252.464,253.422,215.474,218.473,242950,490.91,350.67,192.54
2026-03-17,220.186,221.043,204.527,206.494,272493,479.22,329.29,178.56
2026-03-18,206.494,211.214,196.093,199.765,282931,457.42,309.36,160.79
2026-03-19,196.46,200.499,172.017,173.656,182384,436.88,288.1,150.66
2026-03-20,172.673,175.621,163.188,165.025,237116,409.53,267.09,145.17
2026-03-23,164.719,165.944,152.209,154.611,297585,378.08,248.2,133.5
2026-03-24,156.712,157.313,147.474,152.092,260693,351.47,231.23,125.58
2026-03-25,154.689,154.689,145.357,145.914,256147,327.03,215.82,119.66
2026-03-26,148.699,150.37,130.016,131.291,173146,303.89,201.41,112.75
2026-03-27,134.605,134.605,121.682,126.372,230794,282.35,187.82,110.23
2026-03-30,123.287,126.865,116.988,121.38,250447,260.13,175.85,105.14
2026-03-31,119.062,128.056,116.988,121.024,277513,241.21,165.26,102.95
2026-04-01,120.777,128.056,118.803,124.638,253005,223.59,155.89,106.24
2026-04-02,123.171,133.592,120.796,122.331,325211,205.55,148.27,107.12
2026-04-03,132.824,133.592,114.968,116.048,189912,190.33,141.7,106.32
2026-04-06,117.128,118.328,106.877,107.887,173787,177.41,135.84,103.14
2026-04-07,107.887,109.345,101.055,102.123,184150,167.07,130.26,100.46
2026-04-08,103.512,123.775,101.055,123.775,388970,157.58,126.12,104.39
2026-04-09,121.465,139.068,120.249,134.813,384175,148,123.87,104.74
2026-04-10,139.068,139.068,122.2,122.686,162679,140.89,122.3,105.35
2026-04-13,125.601,125.601,112.36,113.849,186894,136.33,120.98,104.44
2026-04-14,112.474,113.963,107.049,108.965,159146,133.84,119.65,102.69
2026-04-15,107.9,114.22,107.049,113.788,245793,132.55,118.4,102.67
2026-04-16,113.357,121.68,112.061,119.001,272029,131.98,117.54,103.47
2026-04-17,121.01,121.68,111.86,113.578,194276,130.89,116.93,103.45
2026-04-20,116.154,116.369,105.136,105.336,153397,130.38,116.46,102.35
2026-04-21,106.137,114.161,105.136,113.951,267266,130.67,116.7,105.32
2026-04-22,111.643,114.161,108.172,111.233,194946,130.38,116.23,105.31
2026-04-23,111.437,127.837,108.172,122.558,356537,125.21,115.44,104.87
2026-04-24,127.837,127.837,112.622,113.912,168604,123.95,114.64,107.11
2026-04-27,114.557,196.778,112.622,191.378,891369,163.14,117.67,107.1
2026-04-28,182.264,222.772,179.564,220.097,603408,196.96,124.09,94.9
2026-04-29,220.862,222.772,212.847,215.829,361060,218.83,131.92,80.47
2026-04-30,220.675,243.709,212.847,230.013,563165,241.22,140.98,72.21
2026-05-04,238.472,243.709,220.55,226.405,366564,257.05,150.87,66.96
2026-05-06,226.796,228.357,211.84,212.586,326626,265.18,161,69.65
2026-05-07,214.451,216.689,206.213,210.6,362067,268.85,170.85,76.43
2026-05-08,212.063,388.283,206.213,370.943,1759071,328.97,187.86,88.54
2026-05-11,360.416,429.67,357.938,423.532,1004500,389.95,210.3,91.91
2026-05-12,418.075,491.355,407.845,460.024,1176481,442.39,237.67,89.46
2026-05-13,487.534,570.988,439.392,560.365,1474597,528.4,268.78,93.44
2026-05-14,525.841,570.988,516.979,533.957,757395,581.97,299.56,85.33
2026-05-15,540.748,737.165,516.979,668.869,2179914,670.23,336.62,85.84
2026-05-18,684.046,737.165,556.881,573.548,609223,704.1,372.06,84.6
2026-05-19,604.922,604.922,472.204,486.595,619590,722.31,403.2,113.79
2026-05-20,523.472,524.371,408.937,424.262,468515,710.09,430.12,154.65
2026-05-21,431.521,471.631,408.937,464.706,668139,661.14,456.71,209.3
2026-05-22,419.313,472.139,414.696,464.762,657893,642.33,475.85,284.76
2026-05-26,450.007,472.139,434.253,440.506,563248,630.22,487.75,342.03
2026-05-27,443.98,455.792,400.188,406.738,533633,626.21,492.64,373.22
2026-05-28,415.253,432.344,394.431,410.394,759930,628.15,489.39,384.26
2026-05-29,424.363,449.163,394.431,432.45,884253,630.45,483.86,379.68
2026-06-01,435.932,486.417,428.272,466.961,1029447,576.05,472.3,373.73
2026-06-02,471.451,486.417,416.905,435.789,687152,553.41,460.31,400.15
2026-06-04,453.221,457.579,369.929,378.471,409209,517.63,449.12,386.53
2026-06-05,387.013,390.298,313.079,326.691,356244,494.94,438.64,350.11
2026-06-08,335.568,337.344,275.626,278.109,421715,498.57,424.5,305.55
2026-06-09,282.524,291.353,252.75,264.006,377880,506.89,407.9,269.87
2026-06-10,260.936,267.587,232.298,241.667,382961,510.75,390.06,233.75
2026-06-11,245.03,252.718,220.829,232.452,433578,512.47,372.57,201.5
2026-06-12,225.013,386.97,220.829,386.97,1202691,502.75,361.87,183.96
2026-06-15,319.102,1436.177,316.72,1323.683,7529135,974.15,395.27,186.91
[/fund_updown_bb / FUND_WAVE_L]
