[meta]
code,475150
name,SK이터닉스
[/meta]
[raw_daily / RAW]
datetime,open,high,low,close,volume
2026-01-16,20600,20850,20050,20150,261194
2026-01-19,20050,20150,19690,19870,240024
2026-01-20,19710,20300,19440,20000,268247
2026-01-21,20250,20300,19030,19350,417695
2026-01-22,19630,19830,19350,19640,208249
2026-01-23,19940,20300,19690,19990,186833
2026-01-26,20150,20350,19930,20100,201485
2026-01-27,20150,20200,19670,19770,295805
2026-01-28,19950,20150,19670,19810,245077
2026-01-29,20050,20950,19910,20450,586963
2026-01-30,21350,21400,19950,20300,605900
2026-02-02,19950,19990,18840,18870,459298
2026-02-03,19240,19600,18920,19490,199754
2026-02-04,19390,21150,19390,21050,1440914
2026-02-05,21600,21650,20000,20450,612526
2026-02-06,19850,20650,19290,20150,443081
2026-02-09,20400,23150,20200,22600,2562101
2026-02-10,23550,23600,22550,23100,1604071
2026-02-11,22650,24800,22200,23900,3164140
2026-02-12,23650,23850,23100,23150,836102
2026-02-13,26700,29850,26500,28650,15081323
2026-02-19,29150,29400,27450,28400,3545919
2026-02-20,31500,34150,29800,30050,6026936
2026-02-23,31150,31750,29500,29600,1535100
2026-02-24,30900,31400,29900,30400,1422203
2026-02-25,30700,31100,30000,30300,968135
2026-02-26,29850,29950,28300,29100,1246112
2026-02-27,29200,29300,28150,28800,748415
2026-03-03,27700,28300,25800,25850,877509
2026-03-04,23600,24500,20950,21550,1057180
2026-03-05,23100,24550,22800,23950,760054
2026-03-06,26650,28050,25500,27300,2193010
2026-03-09,26400,29350,26350,28900,1901268
2026-03-10,28650,30250,27600,28600,1793433
2026-03-11,29600,29800,28200,28750,1007464
2026-03-12,28750,37350,28400,37350,11845453
2026-03-13,39150,43700,38500,39350,11546015
2026-03-16,41100,41750,37100,38450,2791075
2026-03-17,38650,41850,38050,40650,5175121
2026-03-18,43100,43400,41300,42600,2738590
2026-03-19,43500,54700,43150,53700,14628900
2026-03-20,61900,67000,56500,59900,10474646
2026-03-23,58600,59300,52500,53800,2120674
2026-03-24,58200,59800,49350,51800,2898104
2026-03-25,54100,59200,52200,57400,3339824
2026-03-26,56000,57200,53600,53800,1584081
2026-03-27,55100,56100,52000,52400,1434052
2026-03-30,53800,58800,52500,57900,3981269
2026-03-31,60700,62400,53600,54300,3591657
2026-04-01,55300,56100,49800,54000,1654790
2026-04-02,54000,57700,52600,55000,2405714
2026-04-03,54700,69300,54600,68200,11359132
2026-04-06,66000,66000,60500,62000,3727911
2026-04-07,59800,62200,56500,58500,2125006
2026-04-08,58900,59500,55500,57900,1874679
2026-04-09,61200,61500,58500,58900,1603621
2026-04-10,59000,59400,56900,59000,1042620
2026-04-13,62200,62200,58800,58900,1100621
2026-04-14,58500,58600,56100,56800,1463409
2026-04-15,57100,57100,54300,55300,1137853
2026-04-16,56300,56300,54500,55200,681708
2026-04-17,54600,54900,53600,53900,481486
2026-04-20,54900,56100,53600,54300,525476
2026-04-21,53800,54000,52000,53200,790949
2026-04-22,53600,56900,53300,55100,1918307
2026-04-23,55000,55000,52600,53200,608804
2026-04-24,54500,55100,53500,54500,854416
2026-04-27,54900,55000,53100,54300,480776
2026-04-28,54900,55800,54000,55000,728023
2026-04-29,59300,61900,57700,59000,3474028
2026-04-30,61400,64200,57300,58000,2976037
2026-05-04,57200,57300,54600,55200,902526
2026-05-06,57000,57100,54400,54700,651609
2026-05-07,53200,53800,51400,51700,601781
2026-05-08,52800,52900,50100,51100,544861
2026-05-11,51100,51200,48800,49300,589399
2026-05-12,50000,54100,45600,51700,2002033
2026-05-13,50800,52400,48800,49000,579293
2026-05-14,49200,53200,49200,51400,938915
2026-05-15,50900,50900,43550,44450,1084635
2026-05-18,42950,46350,42300,45800,521908
2026-05-19,45200,46450,42600,43450,348725
2026-05-20,42100,43300,40500,41300,351625
2026-05-21,42250,43050,42000,42250,330185
2026-05-22,44200,45350,43450,43850,405761
2026-05-26,44550,44700,43400,43500,377592
2026-05-27,43700,43700,40500,41050,407611
2026-05-28,40950,41200,38450,40300,492584
2026-05-29,40200,46650,37600,40100,1948029
2026-06-01,38200,41150,38200,39800,643453
2026-06-02,38800,39000,36550,37550,464149
2026-06-04,36150,38300,36150,37000,337032
2026-06-05,36050,36600,34600,35350,306239
2026-06-08,30100,33500,30100,32150,314808
2026-06-09,32700,34400,32450,34150,262782
2026-06-10,44350,44350,40750,44350,1971403
2026-06-11,50400,54000,40050,40550,5998925
2026-06-12,41300,46500,39100,43000,2847639
2026-06-15,44000,53000,40500,48850,10820358
2026-06-16,48850,61900,47500,55800,22318263
[/raw_daily / RAW]
[updown_bb / WAVE_S]
datetime,open,high,low,close,upbb_u,upbb_m,upbb_l,rsi,stoch
2026-05-15 14:24,50900,50900,48480,48480,53412.97,49943.04,44504.88,36.01,24.93
2026-05-16 04:48,48480,48480,46060,46060,53734.15,49687.69,43931.15,33.3,19.4
2026-05-16 19:12,46060,46060,43640,43640,53799.58,49191.07,42668.16,28.26,10.59
2026-05-17 09:36,43640,43640,42300,43380,53468.93,48497.9,41620.05,25.64,8.58
2026-05-18 00:00,43380,45800,43380,45800,53390.9,47879.43,41592.04,30.52,12.07
2026-05-18 04:48,42950,43210,42300,43210,52754.02,47139.93,41467.55,27.43,11.9
2026-05-18 09:36,43210,44770,43210,44770,51848.03,46439.53,42385.54,29.38,13.5
2026-05-18 14:24,44770,46330,44770,46330,50331.14,45954.8,42884.64,35.99,21.32
2026-05-18 19:12,46330,46450,45010,45010,49120.81,45648.48,42924.85,35,25.43
2026-05-19 00:00,45010,45010,43450,43450,48564.89,45416.8,42611.26,31.42,21.35
2026-05-19 04:48,45200,46450,45200,46100,47596.09,45167.23,42755.69,38.5,26.8
2026-05-19 09:36,46100,46100,44500,44500,46885.51,44951.42,42975.52,36.75,30.65
2026-05-19 14:24,44500,44500,42900,42900,46245.9,44792.06,42665.78,32.45,27.85
2026-05-19 19:12,42900,42900,41300,41300,46281.53,44604.41,41804.37,27.68,16.06
2026-05-20 00:00,41300,41300,40500,41300,46676.92,44296.3,41230.78,25.48,13.37
2026-05-20 04:48,42100,42100,41010,41010,46925.82,44031.66,40596.14,23.83,9.36
2026-05-20 09:36,41010,41080,40500,41080,47138.31,43719.77,40054.42,22.97,8.74
2026-05-20 14:24,41080,42170,41080,42170,46671.32,43363.47,39742.45,26.9,11.85
2026-05-20 19:12,42170,43260,42170,43260,46408.79,43091.33,39818.96,33.97,19.86
2026-05-21 00:00,43260,43300,42250,42250,46032.59,42884.62,39798.05,33.2,22.47
2026-05-21 04:48,42250,42770,42000,42770,45061.38,42615.78,39959.45,35.34,25.6
2026-05-21 09:36,42770,43790,42770,43790,44760.7,42435.29,40742.17,41.73,36.03
2026-05-21 14:24,43790,44810,43790,44810,44603.69,42416.41,40758.97,49.27,60.76
2026-05-21 19:12,44810,45350,44810,44870,44872.34,42555.38,40579.16,53.11,76.16
2026-05-22 00:00,44870,44870,43850,43850,45029.54,42733.42,40492.24,50.88,79.42
2026-05-22 19:12,44200,44840,44200,44840,45438.59,42996.43,40743.94,54.43,85.28
2026-05-23 14:24,44840,45350,44840,45220,45760.52,43321.15,41104.78,57.82,89.51
2026-05-24 09:36,45220,45220,44580,44580,45828.19,43604.14,41488.07,56.76,88.63
2026-05-25 04:48,44580,44580,43940,43940,45964.4,43792.64,41986.66,52.73,82.82
2026-05-26 00:00,43940,43940,43400,43500,45754.64,43959.76,42293.17,48.46,74.33
2026-05-26 04:48,44550,44700,43870,43870,45285.28,44107.49,42597.33,48.27,67.57
2026-05-26 09:36,43870,43870,42890,42890,45211.09,44153.29,42860.7,42.6,47.45
2026-05-26 14:24,42890,42890,41910,41910,45276.77,44055.5,42387.31,35.73,24.46
2026-05-26 19:12,41910,41910,40930,40930,45424.28,43835.27,41444.13,29.58,12.58
2026-05-27 00:00,40930,41050,40500,41050,45775.59,43599.59,40810.9,27.15,9.79
2026-05-27 04:48,43700,43700,42280,42280,45700.2,43359.95,40460.17,32.57,12.85
2026-05-27 09:36,42280,42280,40860,40860,45404.64,43032.74,40029.08,28.9,7.54
2026-05-27 14:24,40860,40860,39440,39440,45236.86,42624.4,39370.14,23.67,4.29
2026-05-27 19:12,39440,39440,38450,38880,45035.22,42176.18,38660.62,20.4,4.35
2026-05-28 00:00,38880,40300,38880,40300,44853.68,41787.65,38554.68,24.42,9.27
2026-05-28 04:48,40950,44400,40950,44400,44862.51,41594.59,38725.62,47.54,31.9
2026-05-28 09:36,44400,46650,44400,45450,45250.91,41592.17,38941.45,58.09,58.39
2026-05-28 14:24,45450,45450,42000,42000,44993.52,41581.58,38600.98,51.87,60.92
2026-05-28 19:12,42000,42000,38550,38550,44974.1,41464.42,38100.78,40.28,44.52
2026-05-29 00:00,38550,40100,37600,40100,44969.02,41362.14,38027.64,39.1,35.19
2026-05-29 14:24,40200,43740,40200,43740,45238.07,41375.07,38004.43,49.78,44.19
2026-05-30 04:48,43740,46650,43740,46020,46210.64,41613.26,37963.56,59.17,64.79
2026-05-30 19:12,46020,46020,42480,42480,46243.44,41873.24,37894.59,54.76,65.5
2026-05-31 09:36,42480,42480,38940,38940,46230.38,42018.24,37993.71,44.61,50.26
2026-06-01 00:00,38940,39800,37600,39800,45926.7,42084.41,37967.48,42.08,38.1
2026-06-01 04:48,38200,39910,38200,39910,45828.23,41929.53,37994.26,40.8,31.38
2026-06-01 09:36,39910,41150,39910,40680,45230.29,41647.87,37881.43,42.03,29.38
2026-06-01 14:24,40680,40680,38970,38970,45266.14,41372.27,37801.9,38.33,22.67
2026-06-01 19:12,38970,38970,37260,37260,45241,41169.53,37290.13,33.14,14.35
2026-06-02 00:00,37260,37550,36550,37550,45492.39,40941.96,36680.71,31.18,11.84
2026-06-02 09:36,38800,39000,38420,38420,45197.06,40576.5,36304.88,32.15,11.26
2026-06-02 19:12,38420,38420,37640,37640,43536.94,40003.13,35973.73,30.61,8.77
2026-06-03 04:48,37640,37640,36860,36860,43086.17,39444.55,36469.5,28.21,5.53
2026-06-03 14:24,36860,36860,36150,36220,42051.76,39014.89,35816.1,25.79,3.97
2026-06-04 00:00,36220,37000,36220,37000,41707.84,38642.29,35628.78,26.14,6.44
2026-06-04 04:48,36150,37470,36150,37470,41326.56,38315.8,35693.74,28.65,11.38
2026-06-04 09:36,37470,38300,37470,37810,40642.16,37996.51,36130.59,31.91,16.82
2026-06-04 14:24,37810,37810,36490,36490,39783.96,37701.74,36203.11,29.07,16.09
2026-06-04 19:12,36490,36490,35170,35170,39050.66,37438.52,35495.78,24.75,11.05
2026-06-05 00:00,35170,35350,34600,35350,38899.75,37188.8,35089.07,23.17,11.54
2026-06-05 14:24,36050,36600,35330,35330,38886.18,36907.76,35044.16,22.19,9.27
2026-06-06 04:48,35330,35330,33510,33510,38617.46,36565.92,34073.24,18.35,6.51
2026-06-06 19:12,33510,33510,31690,31690,38532.28,36147.13,32537.34,14.5,4.24
2026-06-07 09:36,31690,31690,30100,30330,38757.37,35656.41,30877.16,11.77,3.47
2026-06-08 00:00,30330,32150,30330,32150,39141.34,35174.37,30305.43,13.39,8.6
2026-06-08 04:48,30100,31010,30100,31010,39075.84,34621.92,29641.56,12.28,10.45
2026-06-08 09:36,31010,31920,31010,31920,38536.72,34057.85,29441.37,14.22,12.31
2026-06-08 14:24,31920,32830,31920,32830,37694.08,33584.98,29414.11,21.1,17.44
2026-06-08 19:12,32830,33740,32830,33740,36792.97,33256.45,29437.58,29.82,26.84
2026-06-09 00:00,33740,34400,33740,34150,36115.96,33012.24,29728.71,36.16,35.99
2026-06-09 04:48,32700,34630,32450,34630,35774.94,32838.37,30471.25,41.88,47.72
2026-06-09 09:36,34630,37060,34630,37060,36299.89,32896.37,30434.62,54.53,73.11
2026-06-09 14:24,37060,39490,37060,39490,38189.72,33265.87,30004.77,65.52,86.2
2026-06-09 19:12,39490,41920,39490,41920,40763.75,33970.45,29733.96,73.56,92.92
2026-06-10 00:00,41920,44350,41920,44350,43581.22,34883.81,28971.66,79.31,96.36
2026-06-10 04:48,44350,49170,44350,49170,47638.73,36186.17,28610.44,84.89,98.12
2026-06-10 09:36,49170,53990,49170,53990,52440,37873.61,27984.98,88.84,99.03
2026-06-10 14:24,53990,54000,49190,49190,54215.82,39517.19,27341.79,88.84,93.82
2026-06-10 19:12,49190,49190,44370,44370,55353.64,40902.39,28578.75,76.66,85.69
2026-06-11 00:00,44370,44370,40050,40550,55358.35,41977.23,30240.71,63.78,74.53
2026-06-11 04:48,50400,54000,50400,53120,56312.06,43432.73,32122.71,72.32,80.34
2026-06-11 09:36,53120,53120,48640,48640,55624.2,44758.83,33993.42,72.47,80.45
2026-06-11 14:24,48640,48640,44160,44160,54701.94,45715.8,36392.76,64.34,72.92
2026-06-11 19:12,44160,44160,39680,39680,53670.86,46177.31,37853.19,53.95,54.87
2026-06-12 00:00,39680,43000,39100,43000,53612.83,46416.64,39181.82,53.89,38.94
2026-06-12 14:24,41300,41300,39100,40950,53938.05,46214.52,39283.67,50.3,27.92
2026-06-13 04:48,40950,45000,40950,45000,52530.42,45737.41,38998.55,54.3,28.02
2026-06-13 19:12,45000,49050,45000,49050,52520.16,45496.34,39515.55,61.02,38.91
2026-06-14 09:36,49050,53000,49050,52900,53582.59,45743.16,39410.94,67.55,57.69
2026-06-15 00:00,52900,52900,48850,48850,53762.65,46221.42,39416.3,66.34,65.78
2026-06-15 04:48,44000,44000,40500,43200,52494.98,46014.25,39369.18,56.32,58.14
2026-06-15 09:36,43200,49400,43200,49400,52683.34,45953.5,39661.59,60.36,63.89
2026-06-15 14:24,49400,55600,49400,55600,54988.62,46431.59,39500.67,67.84,79.75
2026-06-15 19:12,55600,61800,55600,61800,59506.3,47654.85,39815.36,74.72,88.87
2026-06-16 00:00,61800,61900,55800,55800,60382.45,48850.17,38603.26,73.58,86.24
[/updown_bb / WAVE_S]
[updown_bb / WAVE_M]
datetime,open,high,low,close,upbb_u,upbb_m,upbb_l,rsi,stoch
2026-04-24 00,53000,54500,53000,54500,56117.66,54160.11,52314.37,41.26,37.76
2026-04-25 00,54500,55100,54433.333,54433.333,56112.69,54217.77,52442.37,43.47,40.52
2026-04-26 00,54433.333,54433.333,53166.667,53166.667,56057.99,54252.35,52480.02,39.02,32.98
2026-04-27 00,53166.667,54300,53100,54300,55811.08,54200.64,52628.98,42.77,30.44
2026-04-27 08,54900,54900,53133.333,53133.333,55792.41,54088.57,52604.91,38.98,23.13
2026-04-27 16,53133.333,54833.333,53100,54833.333,55173.57,53964.75,52551.34,46.66,28.3
2026-04-28 00,54833.333,55800,54833.333,55000,55234.9,53912.49,52852.61,50.9,43.27
2026-04-28 08,54900,57000,54000,57000,56119.43,54054.34,52928.72,61.39,65.02
2026-04-28 16,57000,60900,57000,60900,58851.49,54446.74,52658.46,74.29,80.22
2026-04-29 00,60900,61900,59000,59000,59796.95,54916.22,51959.76,75.61,79.28
2026-04-29 08,59300,63466.667,59300,63466.667,62333.48,55568.15,51516.84,82.37,85.07
2026-04-29 16,63466.667,64200,60766.667,60766.667,63250.56,56200.11,50874.4,82.11,82.05
2026-04-30 00,60766.667,60766.667,57300,58000,63913.14,56763.18,51436.51,69.82,74.24
2026-05-01 08,61400,64200,61400,62666.667,64821.54,57454.76,51752.19,75.3,77.32
2026-05-02 16,62666.667,62666.667,58333.333,58333.333,64664.83,58067.69,52433.01,65.34,72.72
2026-05-04 00,58333.333,58333.333,54600,55200,64279.45,58426.45,53161.37,52.48,57.97
2026-05-04 16,57200,57300,56300,56300,63577.55,58699.06,53954.08,49.68,47.68
2026-05-05 08,56300,56300,55200,55200,63444.9,58780.95,54395.93,45.36,31.29
2026-05-06 00,55200,55200,54400,54700,63688.34,58563.74,54191.2,41.98,17.65
2026-05-06 08,57000,57100,55166.667,55166.667,64099.15,58294.63,53808.49,41.07,9.98
2026-05-06 16,55166.667,55166.667,53133.333,53133.333,63269.51,57694.4,52693.3,36.06,5.62
2026-05-07 00,53133.333,53133.333,51400,51700,63083.29,56977.33,51737.01,31.24,3.85
2026-05-07 08,53200,53800,52633.333,52633.333,62781.96,56354.45,51072.76,30.38,2.49
2026-05-07 16,52633.333,52633.333,50866.667,50866.667,61185.87,55479.63,50360.83,26.91,1.55
2026-05-08 00,50866.667,51100,50100,51100,59887.49,54681.18,50040.9,25.5,3.33
2026-05-09 00,52800,52900,51433.333,51433.333,58674.09,54069.38,49620.5,25.16,4.05
2026-05-10 00,51433.333,51433.333,49866.667,49866.667,57880.3,53430.08,49055.41,22.47,2.97
2026-05-11 00,49866.667,49866.667,48800,49300,57053.47,52804.72,48405.37,20.38,3.59
2026-05-11 08,51100,51100,45633.333,45633.333,56314.49,52046.95,46493.33,15.6,2.69
2026-05-11 16,45633.333,51033.333,45600,51033.333,56109.47,51447.81,46967.77,28.64,14.93
2026-05-12 00,51033.333,54100,51033.333,51700,54984.64,51046.61,46902.31,35.96,29.32
2026-05-12 08,50000,54100,50000,52866.667,54288.92,50865.04,46898.22,42.95,44.5
2026-05-12 16,52866.667,52866.667,47533.333,47533.333,53835.84,50519.96,46508.05,35.06,41.65
2026-05-13 00,47533.333,49000,45600,49000,53359.2,50247.73,46408.94,34.21,40.21
2026-05-13 08,50800,50800,48800,49533.333,53087.33,50027.28,46409.84,34.99,40.32
2026-05-13 16,49533.333,52266.667,49533.333,52266.667,53231.45,49943.78,46578.99,44.22,50.84
2026-05-14 00,52266.667,53200,51400,51400,53155.52,49962.15,46530.03,45.82,58.05
2026-05-14 08,49200,53200,49200,52350,53445.6,50106.76,46500.75,49.78,66.5
2026-05-14 16,52350,52350,47500,47500,53581.54,50264.81,47351.55,39.57,55.34
2026-05-15 00,47500,47500,43550,44450,53170.73,50054.77,45699.25,30.97,35.53
2026-05-16 00,50900,50900,46866.667,46866.667,53772.71,49742.66,45374.26,30.69,24.98
2026-05-17 00,46866.667,46866.667,42833.333,42833.333,53600.4,49136.65,43605.75,25.04,14.89
2026-05-18 00,42833.333,45800,42300,45800,53899.69,48749.61,43268.97,27.54,17.68
2026-05-18 08,42950,44250,42300,44250,54089.13,48323.71,42454.08,25.74,18.42
2026-05-18 16,44250,46450,44250,46050,54071.57,47934.39,42013.15,29.62,21.28
2026-05-19 00,46050,46050,43450,43450,53291.62,47321.31,41327.98,26.44,17.55
2026-05-19 08,45200,46450,45033.333,45033.333,52553.17,46707.59,41485.36,28.48,16.92
2026-05-19 16,45033.333,45033.333,42366.667,42366.667,51004.66,45923.88,41837.16,24.81,10.73
2026-05-20 00,42366.667,42366.667,40500,41300,49205.13,45222.9,41225.96,21.87,8.81
2026-05-20 08,42100,42100,40500,40716.667,48048.73,44667.13,40279.47,19.81,6.72
2026-05-20 16,40716.667,42533.333,40716.667,42533.333,47911.62,44155.65,40506.58,23.28,10.11
2026-05-21 00,42533.333,43300,42250,42250,47260.3,43838,40280.61,23.33,13.18
2026-05-21 08,42250,43450,42000,43450,47010.89,43541.24,40397.57,29.03,21.59
2026-05-21 16,43450,45150,43450,45150,46767.38,43409.63,40416.76,38.79,35.53
2026-05-22 00,45150,45350,43850,43850,46181.22,43226.46,40684.22,38.52,42.4
2026-05-23 08,44200,45266.667,44200,45266.667,45995.56,43206.31,40674.53,44.51,52.16
2026-05-24 16,45266.667,45350,44366.667,44366.667,45775.98,43156.76,40727.05,44.06,60.55
2026-05-26 00,44366.667,44366.667,43400,43500,45635.23,43179.11,40757.28,41.15,66.04
2026-05-26 08,44550,44700,43216.667,43216.667,45667.42,43273.71,41060.67,38.84,64.7
2026-05-26 16,43216.667,43216.667,41583.333,41583.333,45665.99,43360.94,41428.24,33.04,52.51
2026-05-27 00,41583.333,41583.333,40500,41050,45473.75,43341.78,41005.25,29.21,31.56
2026-05-27 08,43700,43700,41333.333,41333.333,45693.37,43297.17,40954.56,27.94,18.36
2026-05-27 16,41333.333,41333.333,38966.667,38966.667,45860.99,43077.06,39716.66,22.61,10.32
2026-05-28 00,38966.667,40300,38450,40300,45892.78,42750.69,39230.04,22.5,13.34
2026-05-28 08,40950,46650,40950,46600,46652.21,42707.93,38878.82,49.53,40.58
2026-05-28 16,46600,46600,40850,40850,46336.69,42478.53,38918.04,42.43,43.09
2026-05-29 00,40850,40850,37600,40100,46035.39,42167.97,38831.46,38.03,38.54
2026-05-30 00,40200,46100,40200,46100,46547.59,42123.9,38922.23,52.3,55.95
2026-05-31 00,46100,46650,41300,41300,46320.33,42008.34,38877.59,46.85,53.78
2026-06-01 00,41300,41300,37600,39800,46147.22,41868.04,38633.57,41.52,43.72
2026-06-01 08,38200,41050,38200,41050,46074.27,41796.8,38631.64,41.44,40.37
2026-06-01 16,41050,41150,38400,38400,46075.3,41627.01,38015.91,35.99,30.18
2026-06-02 00,38400,38400,36550,37550,46147.83,41477.03,37518.25,32.12,23.24
2026-06-02 16,38800,39000,37900,37900,46336.47,41289.74,36953.55,30.67,17.15
2026-06-03 08,37900,37900,36600,36600,45081.71,40739.79,36003.4,27.78,11.36
2026-06-04 00,36600,37000,36150,37000,45320.58,40282.1,35627.48,26.83,9.55
2026-06-04 08,36150,38300,36150,38250,45248.8,39949.83,35386.74,30.39,12.16
2026-06-04 16,38250,38250,36050,36050,43151.58,39307.75,34698.93,27.2,9.91
2026-06-05 00,36050,36050,34600,35350,42855.54,38694.86,34810.26,24.62,9.58
2026-06-06 00,36050,36600,34116.667,34116.667,41960.8,38102.23,33910.84,21.71,7.54
2026-06-07 00,34116.667,34116.667,31083.333,31083.333,41403.94,37325.9,32403.61,17.26,5.22
2026-06-08 00,31083.333,32150,30100,32150,40899.21,36622.45,31443,16.25,8.87
2026-06-08 08,30100,31616.667,30100,31616.667,40521.4,35964.98,30487.28,15.15,11.48
2026-06-08 16,31616.667,33133.333,31616.667,33133.333,40068.47,35382.84,30070.84,18.95,15.76
2026-06-09 00,33133.333,34400,33133.333,34150,39361.24,34943.54,29787.67,25.19,23.09
2026-06-09 08,32700,36250,32450,36250,38884.15,34656.6,29828.87,36.61,35.45
2026-06-09 16,36250,40300,36250,40300,39748.15,34578.06,30574.41,52.57,59.05
2026-06-10 00,40300,44350,40300,44350,42276.73,34891.65,30325.1,64.9,78.97
2026-06-10 08,44350,52383.333,44350,52383.333,48218.69,35804.57,29028.2,76.44,89.24
2026-06-10 16,52383.333,54000,47583.333,47583.333,50542.87,36874.93,26708.41,77.44,86.46
2026-06-11 00,47583.333,47583.333,40050,40550,52195.24,37870.22,27373.56,64.91,77.74
2026-06-11 08,50400,54000,50133.333,50133.333,54427.39,39228.4,27836.47,71.13,78.34
2026-06-11 16,50133.333,50133.333,42666.667,42666.667,54898.79,40465.72,29101.97,63.99,73.9
2026-06-12 00,42666.667,43000,39100,43000,54373.55,41602.3,30655.41,61.45,69.28
2026-06-13 00,41300,43650,39100,43650,53181.41,42675.22,32628.47,61.25,66.77
2026-06-14 00,43650,50400,43650,50400,52705.34,43920.55,35092.58,68.27,72.54
2026-06-15 00,50400,53000,48850,48850,52017.8,44997.95,37511.63,69.87,76.12
2026-06-15 08,44000,47333.333,40500,47333.333,51784.88,45745.24,39501.6,68.85,73.85
2026-06-15 16,47333.333,57666.667,47333.333,57666.667,54998.08,46423.95,40507.31,77.06,83.56
2026-06-16 00,57666.667,61900,55800,55800,56942.16,47187.79,39183.2,79.05,81.71
[/updown_bb / WAVE_M]
[updown_bb / WAVE_L]
datetime,open,high,low,close,volume,upbb_u,upbb_m,upbb_l,rsi,stoch
2026-01-16,21150,21150,20050,20150,261194,21148.77,20642.16,19905.3,40.78,34.54
2026-01-19,20600,20850,19690,19870,240024,21138.4,20564.36,19821.21,34.88,25.95
2026-01-20,20050,20300,19440,20000,268247,21075.15,20475.81,19804.84,33.28,24.25
2026-01-21,19710,20300,19030,19350,417695,20983.28,20392.34,19500.72,27.27,21.96
2026-01-22,20250,20300,19030,19640,208249,21066.66,20331.44,19392.4,26.54,23.8
2026-01-23,19630,20300,19350,19990,186833,21086.47,20271.59,19295.16,31.76,27.93
2026-01-26,19940,20350,19690,20100,201485,21059.3,20217.82,19246.49,36.03,32.71
2026-01-27,20150,20350,19670,19770,295805,21057.69,20146.14,19267.4,33.79,32.51
2026-01-28,20150,20200,19670,19810,245077,20873,20056.28,19284.33,33.12,31.65
2026-01-29,19950,20950,19670,20450,586963,20738.95,19992.4,19462.57,44.85,38.57
2026-01-30,20050,21400,19910,20300,605900,20543.75,19963.4,19479.57,47.41,45.76
2026-02-02,21350,21400,18840,18870,459298,20447.01,19900.61,19119.17,32.59,31.41
2026-02-03,19950,19990,18840,19490,199754,20464.4,19843.91,19092.34,32.26,26.79
2026-02-04,19240,21150,18920,21050,1440914,20803.73,19889.4,19118.63,52.77,42.37
2026-02-05,19390,21650,19390,20450,612526,20855.28,19946.37,19092.44,54.32,50.31
2026-02-06,21600,21650,19290,20150,443081,20864.44,19983.2,19074.02,52.06,50.25
2026-02-09,19850,23150,19290,22600,2562101,21885.62,20117.12,19071.2,70.13,61.09
2026-02-10,20400,23600,20200,23100,1604071,22727.21,20337.92,18817.56,77.05,70.92
2026-02-11,23550,24800,22200,23900,3164140,23666.24,20639.33,18516.08,81.78,76.62
2026-02-12,22650,24800,22200,23150,836102,24132.25,20922.87,18227.62,82.27,76.6
2026-02-13,23650,29850,23100,28650,15081323,26904.42,21454.81,18116.08,90.21,80.57
2026-02-19,26700,29850,26500,28400,3545919,28579.58,22166.62,17848.73,92.07,83.04
2026-02-20,29150,34150,27450,30050,6026936,30352.03,23023.13,17644.14,93.66,80.61
2026-02-23,31500,34150,29500,29600,1535100,31602.25,23870.99,17640.31,94.2,77.24
2026-02-24,31150,31750,29500,30400,1422203,32619.46,24784.83,17873.85,94.8,78.37
2026-02-25,30900,31400,29900,30300,968135,32993.9,25743.94,18462.35,95.09,80.35
2026-02-26,30700,31100,28300,29100,1246112,33254.67,26565.1,19662.79,90.48,79.79
2026-02-27,29850,29950,28150,28800,748415,33129.83,27282.76,20924.86,86.49,77.31
2026-03-03,29200,29300,25800,25850,877509,32718.94,27778.26,22176.13,68.17,68.63
2026-03-04,27700,28300,20950,21550,1057180,30887.18,28000.44,22030.18,47.66,49.49
2026-03-05,23600,24550,20950,23950,760054,31789.44,27936.89,22637.74,45.88,34.11
2026-03-06,23100,28050,22800,27300,2193010,31824.37,27877.96,22470.65,53.69,33.42
2026-03-09,26650,29350,25500,28900,1901268,31695.11,27804.05,22384.46,60.25,40.29
2026-03-10,26400,30250,26350,28600,1793433,31582.32,27721.97,22370.2,62.61,47.35
2026-03-11,28650,30250,27600,28750,1007464,31242.09,27602.57,22403.08,64.24,53.57
2026-03-12,29600,37350,28200,37350,11845453,34560.05,27852.01,22531.11,76.99,72.48
2026-03-13,28750,43700,28400,39350,11546015,37710.57,28429.55,21767.38,82.16,77.8
2026-03-16,39150,43700,37100,38450,2791075,39811.46,29155.69,20392.89,83.83,78.18
2026-03-17,41100,41850,37100,40650,5175121,42343.41,30200.12,19698.81,85.9,82.06
2026-03-18,38650,43400,38050,42600,2738590,44945.78,31693.33,20567.03,87.76,86.34
2026-03-19,43100,54700,41300,53700,14628900,50884.88,33815.63,21246.9,91.69,90.14
2026-03-20,43500,67000,43150,59900,10474646,57659.59,36401.66,21356.84,93.85,88.7
2026-03-23,61900,67000,52500,53800,2120674,60369.69,38904.67,21026.45,93.98,82.95
2026-03-24,58600,59800,49350,51800,2898104,61397.57,41316.83,22131.82,92.05,79.16
2026-03-25,58200,59800,49350,57400,3339824,62628.35,43938.32,24632.64,93.04,80.64
2026-03-26,54100,59200,52200,53800,1584081,63326.78,46122.21,28071.52,91.4,80.74
2026-03-27,56000,57200,52000,52400,1434052,63635.33,47938.56,31421.69,87.61,78.15
2026-03-30,55100,58800,52000,57900,3981269,63640.46,49845.31,34557.33,89.13,79.89
2026-03-31,53800,62400,52500,54300,3591657,62036.36,51523.57,38130.28,86.12,78.77
2026-04-01,60700,62400,49800,54000,1654790,58882.52,52981.59,42388.11,84.08,74.9
2026-04-02,55300,57700,49800,55000,2405714,58780.03,53867.82,47700.32,84.39,72.13
2026-04-03,54000,69300,52600,68200,11359132,63987.86,54768.59,51118.26,89.52,77.31
2026-04-06,54700,69300,54600,62000,3727911,65231.35,55650.62,49780.42,89.68,75.3
2026-04-07,66000,66000,56500,58500,2125006,65288.59,56444.86,49507.57,82.71,70.2
2026-04-08,59800,62200,55500,57900,1874679,65729.1,56910.59,50415.08,78.27,63.17
2026-04-09,58900,61500,55500,58900,1603621,65855.93,57409.13,50736.54,78.28,58.62
2026-04-10,61200,61500,56900,59000,1042620,65863.58,57980.2,51814.26,78.32,56.42
2026-04-13,59000,62200,56900,58900,1100621,65967.05,58333.54,52922.37,77.98,55.16
2026-04-14,62200,62200,56100,56800,1463409,65801.11,58642.95,53277.77,71.16,51.42
2026-04-15,58500,58600,54300,55300,1137853,65527.55,58870.19,53808.53,63.77,45.85
2026-04-16,57100,57100,54300,55200,681708,65110.67,59003.53,53948.82,59.83,38.62
2026-04-17,56300,56300,53600,53900,481486,61573.78,58436.01,53681.86,54.37,27.74
2026-04-20,54600,56100,53600,54300,525476,61034.27,57806.47,53053.36,52.43,17.49
2026-04-21,54900,56100,52000,53200,790949,61221.35,57231.63,52503.81,48.53,13.4
2026-04-22,53800,56900,52000,55100,1918307,60922.86,56784.84,52243.94,51.01,16
2026-04-23,53600,56900,52600,53200,608804,60530.36,56267.32,51745.9,47.06,14.55
2026-04-24,55000,55100,52600,54500,854416,59978.94,55770.58,51918.23,48.53,15.21
2026-04-27,54500,55100,53100,54300,480776,59157.88,55279.85,52597.19,48.6,15.66
2026-04-28,54900,55800,53100,55000,728023,57919.71,54919.37,52949.42,50.91,19.47
2026-04-29,54900,61900,54000,59000,3474028,58091.18,54872.51,53075.74,62.47,38.73
2026-04-30,59300,64200,57300,58000,2976037,58312.95,54946.67,52779.95,64.98,46.1
2026-05-04,61400,64200,54600,55200,902526,58148.32,55026.05,52461.62,57.58,41.38
2026-05-06,57200,57300,54400,54700,651609,58264.34,55076.77,52485.63,52.94,35.63
2026-05-07,57000,57100,51400,51700,601781,58298.1,55032.91,51925.22,42.95,23.94
2026-05-08,53200,53800,50100,51100,544861,58341.72,54832.31,51026.57,37.65,16.19
2026-05-11,52800,52900,48800,49300,589399,58564.28,54559.18,49730.23,32.08,11.18
2026-05-12,51100,54100,45600,51700,2002033,59019.58,54294.04,49317.51,34.44,16.99
2026-05-13,50000,54100,45600,49000,579293,59230.4,53916.07,48135,30.24,19.02
2026-05-14,50800,53200,48800,51400,938915,59286.87,53554.93,47562.12,34.12,21.68
2026-05-15,49200,53200,43550,44450,1084635,58073.11,52707.58,45052.51,24.93,16.92
2026-05-18,50900,50900,42300,45800,521908,57378.17,51720.75,44066.83,22.91,16.06
2026-05-19,42950,46450,42300,43450,348725,57246.25,50670.49,43040.22,19.67,14.16
2026-05-20,45200,46450,40500,41300,351625,56537.58,49504.05,41376.85,16.65,11.64
2026-05-21,42100,43300,40500,42250,330185,55816.81,48448.38,40220.33,15.81,11.33
2026-05-22,42250,45350,42000,43850,405761,55142.45,47539.46,39812.17,18.6,13.07
2026-05-26,44200,45350,43400,43500,377592,54237.9,46768.61,39361.8,18.52,13.94
2026-05-27,44550,44700,40500,41050,407611,53405.63,45853.3,39111.38,16.33,10.25
2026-05-28,43700,43700,38450,40300,492584,52167.65,44959.19,38568.04,14.77,9.92
2026-05-29,40950,46650,37600,40100,1948029,50510.28,43959.02,39242.31,13.85,11.26
2026-06-01,40200,46650,37600,39800,643453,48339.61,43202.92,38639.61,13.11,12.67
2026-06-02,38200,41150,36550,37550,464149,47108.26,42405.03,37853.42,11.28,12.56
2026-06-04,38800,39000,36150,37000,337032,46000.92,41672.25,36783.31,10.15,11.67
2026-06-05,36150,38300,34600,35350,306239,45355.09,40995.62,35217.48,8.81,10.88
2026-06-08,36050,36600,30100,32150,314808,45306.34,40166.51,32824.05,7.07,11.44
2026-06-09,30100,34400,30100,34150,262782,45507.66,39281.95,32076.63,6.92,15.17
2026-06-10,32700,44350,32450,44350,1971403,45503.31,38839.04,31886.84,37.93,32.82
2026-06-11,44350,54000,40050,40550,5998925,44659.15,38554.46,32111.33,40.2,42.55
2026-06-12,50400,54000,39100,43000,2847639,44660.34,38502.97,32236.2,47.03,46.96
2026-06-15,41300,53000,39100,48850,10820358,47225.76,38848.38,32128.04,59.33,56.52
2026-06-16,44000,61900,40500,55800,22318263,52432.47,39727.95,31160.49,70.34,64.95
[/updown_bb / WAVE_L]
[slope_bb / WAVE_S]
slope_u,slope_m,slope_l
54123.9,49943.04,45939.72
54255.91,49687.69,45528.49
53983.57,49191.07,44510.57
53273.77,48497.9,43664.84
53250.48,47879.43,43606.76
52617.91,47139.93,43399.11
51893.14,46439.53,44157.26
50728.25,45954.8,44329.42
49763.8,45648.48,44094.98
49136.98,45416.8,43783.07
48220.07,45167.23,43814.75
47553.16,44951.42,43957.51
46741.19,44792.06,43767.41
46540.24,44604.41,43085.26
46680.19,44296.3,42658.6
46887.34,44031.66,41985.34
46987.94,43719.77,41435.1
46590.58,43363.47,41004.27
46554.51,43091.33,40855.05
46353.44,42884.62,40652.12
45379.06,42615.78,40765.83
45188.61,42435.29,41430.71
45217.44,42416.41,41254.19
45649.08,42555.38,40873.36
45814.86,42733.42,40751.39
46173.79,42996.43,41011.22
46518.77,43321.15,41302.08
46565.11,43604.14,41659.83
46580.78,43792.64,42230.6
46215.85,43959.76,42637.01
45705.53,44107.49,42961.11
45519.88,44153.29,43337.74
45430.71,44055.5,43021
45417.01,43835.27,42231.98
45623.62,43599.59,41705.07
45741.33,43359.95,41223.65
45387.84,43032.74,40895.71
45076.27,42624.4,40411.09
44705.11,42176.18,39859.49
44556.3,41787.65,39774.94
45102.97,41594.59,39703.44
46202.08,41592.17,39479.62
46225.44,41581.58,39095.84
45937.89,41464.42,39013.67
45601.28,41362.14,39348.34
46156.86,41375.07,39271.88
47779.95,41613.26,38848.49
48127.4,41873.24,38654
47782.33,42018.24,39135.42
46992.66,42084.41,39514.28
46698.97,41929.53,39654.23
46205,41647.87,39334.56
46268.79,41372.27,39135.93
46013.72,41169.53,38710.88
45980.98,40941.96,38189.02
45686.09,40576.5,37640.17
43929.64,40003.13,37218.06
43338.22,39444.55,37714.93
42151,39014.89,37047.82
41746.21,38642.29,36809.52
41444.75,38315.8,36770.98
40971.36,37996.51,36983.63
40191.35,37701.74,36969.17
39341.2,37438.52,36349.81
39028.9,37188.8,36047.7
39062.72,36907.76,35960.92
38731.38,36565.92,35072.95
38452.52,36147.13,33725.6
38437.23,35656.41,32254.9
38783.2,35174.37,31759.18
38790.2,34621.92,31021.08
38483.92,34057.85,30623.74
37913.46,33584.98,30357.42
37269.81,33256.45,30139.37
36795.66,33012.24,30209.42
36561.27,32838.37,30920.09
37482.9,32896.37,30672.31
39945.3,33265.87,29955.56
43155.77,33970.45,29407.78
46608.81,34883.81,28415.98
51594.17,36186.17,27864.57
57698.16,37873.61,26972.48
60008.78,39517.19,26330.42
60452.26,40902.39,28057.76
59285.47,41977.23,30417.92
60440.3,43432.73,32290.39
59638.6,44758.83,34266.39
57888.33,45715.8,37231.25
55845.07,46177.31,39447.94
55096.83,46416.64,41376
55151.66,46214.52,41626.16
53845.26,45737.41,41250.33
54576.85,45496.34,41298.1
56584.82,45743.16,40558.59
57225.5,46221.42,40238.52
54995.32,46014.25,40788.05
55143.65,45953.5,41274.23
58549.68,46431.59,40622.88
64701.8,47654.85,40246.96
66303.55,48850.17,38720.61
[/slope_bb / WAVE_S]
[slope_bb / WAVE_M]
slope_u,slope_m,slope_l
56697.36,54160.11,53455.35
56793.34,54217.77,53390.53
56712.19,54252.35,53382.15
56389.84,54200.64,53542.09
56440.16,54088.57,53449.22
55784.34,53964.75,53436.3
56008.19,53912.49,53550.79
57089.73,54054.34,53557.51
60392.81,54446.74,53034.97
61869.51,54916.22,52052.77
64753.89,55568.15,51600.3
66051.29,56200.11,50837.26
66415.98,56763.18,51778.05
67336.62,57454.76,52168.28
67063.25,58067.69,53071.64
66054.21,58426.45,54412.26
64859.27,58699.06,55527.38
64337.57,58780.95,56148.02
64243.07,58563.74,56024.49
64631.81,58294.63,55533.59
63563.08,57694.4,54505.95
63065.63,56977.33,53707.67
62692.18,56354.45,52983.9
61015.16,55479.63,52263.46
59554.52,54681.18,51982.99
58487.51,54069.38,51373.1
57638.36,53430.08,50802.76
56669.5,52804.72,50195.4
56014.33,52046.95,48414.43
55865.39,51447.81,49234.9
55560.33,51046.61,48713.68
55396.96,50865.04,48467.43
55317.4,50519.96,48028.4
54544.84,50247.73,48310.31
54359.83,50027.28,48220.75
54572.88,49943.78,48308
54731.58,49962.15,47944.08
55076.23,50106.76,47897.17
55376.52,50264.81,48782.51
54459.59,50054.77,47603.99
55076.7,49742.66,47376.17
54435.49,49136.65,45990.98
54388.56,48749.61,45969.82
54514.27,48323.71,45097.7
54766.93,47934.39,44337.74
54190.65,47321.31,43385.7
53491.77,46707.59,43362.16
51847.77,45923.88,43710.63
49694.72,45222.9,43244.38
48334.62,44667.13,42303.92
48131.53,44155.65,42508.01
47661.54,43838,41985.29
47530.83,43541.24,41894.3
47554.48,43409.63,41608.25
47167.65,43226.46,41626.87
46997.8,43206.31,41497.78
46801.36,43156.76,41417.37
46512.8,43179.11,41471.35
46445.59,43273.71,41812.49
46227.23,43360.94,42361.2
45759.78,43341.78,42130.84
46024.65,43297.17,42093.92
45972.43,43077.06,41094.43
45814.76,42750.69,40809.05
47211.57,42707.93,40258.24
47602.61,42478.53,40132.67
46966.69,42167.97,40524.12
47772.26,42123.9,40722.38
48137.94,42008.34,40504.62
47623.01,41868.04,40662.61
47287.87,41796.8,40896.61
47353.89,41627.01,40168.37
47104.01,41477.03,39782.85
47142.72,41289.74,39107.94
45651.99,40739.79,38073.6
45670.45,40282.1,37633.66
45638.39,39949.83,37239.59
43696.15,39307.75,36326.31
43212.53,38694.86,36505.52
42261.24,38102.23,35595.87
41477.64,37325.9,34253.21
40688.58,36622.45,33482.39
40257.2,35964.98,32493.04
40103.33,35382.84,31802.02
39780.44,34943.54,31158.2
39721.71,34656.6,30997.57
41469.24,34578.06,31311.25
45124.07,34891.65,30520.39
52917.6,35804.57,28735.02
56598.41,36874.93,26115.22
57866.77,37870.22,27294.72
60269.63,39228.4,27834.52
60244.29,40465.72,29516.09
58374.36,41602.3,31792.11
56346.24,42675.22,34279.8
56146.47,43920.55,36802.29
56125.65,44997.95,38828.29
55505.11,45745.24,41247.18
59819.21,46423.95,42066.03
63315.7,47187.79,39906.52
[/slope_bb / WAVE_M]
[slope_bb / WAVE_L]
slope_u,slope_m,slope_l
21578.09,20642.16,20469.22
21508.74,20564.36,20446.97
21367.25,20475.81,20494.25
21239.28,20392.34,20231.02
21337.79,20331.44,20135.9
21344.15,20271.59,20052.88
21351.6,20217.82,19945.91
21374.61,20146.14,19910.55
21175.87,20056.28,19889.86
21079.07,19992.4,20044.31
20989.34,19963.4,20005.13
21008.28,19900.61,19664.26
20918.51,19843.91,19788.06
21289.71,19889.4,19897.33
21518.48,19946.37,19833.61
21739.91,19983.2,19751.15
22951.01,20117.12,19837.48
24155.62,20337.92,19520.77
25586.28,20639.33,18999.91
26203.52,20922.87,18676.93
29797.18,21454.81,18478.4
32272.35,22166.62,17961.18
34934.88,23023.13,17608.32
36703.8,23870.99,17529.71
37585.77,24784.83,17840.25
37509.45,25743.94,18522.17
37245.23,26565.1,19898.74
36482.24,27282.76,21373.28
35452.61,27778.26,22944.31
32948.59,28000.44,23350.01
33228.55,27936.89,24559.68
33275.88,27877.96,24554.13
33646.58,27804.05,24228.27
33901.09,27721.97,24005.01
33866.11,27602.57,23746.59
38259.01,27852.01,23677.94
43270.24,28429.55,22772.38
47551.21,29155.69,20730.8
50789.23,30200.12,19888.12
53455.36,31693.33,20822.27
61313.74,33815.63,21380.97
71591.88,36401.66,21425.82
77370.4,38904.67,20688.98
77607.76,41316.83,22115.66
77449.35,43938.32,25095.73
76458.85,46122.21,29018.37
75275.5,47938.56,32700.87
73923.49,49845.31,36163.21
71330.03,51523.57,40008.2
67421.66,52981.59,44621.12
66186.31,53867.82,50801.32
72181.51,54768.59,54634.69
74394.4,55650.62,52985.78
75106.69,56444.86,52238.41
74643.94,56910.59,53493.42
73836.35,57409.13,53996.36
73043.37,57980.2,55087.37
72316.38,58333.54,56279.24
71545.55,58642.95,56606.57
70204.25,58870.19,57440.07
68820.02,59003.53,57718.76
64343.98,58436.01,57457.31
63219.91,57806.47,56705.55
63113.7,57231.63,56003.19
62687.19,56784.84,55623.6
62347.48,56267.32,54882.74
61786.11,55770.58,54803.33
60804.24,55279.85,55318.57
59458.64,54919.37,55488.34
60083.13,54872.51,55393.56
61125.97,54946.67,54615.11
61437.19,55026.05,54297.78
61156,55076.77,54666.93
60803.17,55032.91,54465.92
60229.66,54832.31,53973.35
60023.7,54559.18,52888.6
60298.53,54294.04,52856.53
60589.15,53916.07,51898.19
60857.38,53554.93,51216.32
59782.2,52707.58,48739.61
59160.91,51720.75,47969.83
58515.4,50670.49,47254.29
57824.38,49504.05,45478.54
56808.67,48448.38,44254.83
56255.78,47539.46,43534.61
55605.78,46768.61,42566.24
54795.78,45853.3,42114.35
53356.55,44959.19,41637.28
51780.61,43959.02,42590.07
50029.08,43202.92,42013.62
48901.2,42405.03,41204.58
47759.54,41672.25,39962.49
46915.31,40995.62,38295.49
46721.71,40166.51,35906.23
46598.48,39281.95,35351.01
47912.26,38839.04,34844.03
49623.91,38554.46,34179.62
50990.5,38502.97,34152
54083.88,38848.38,34457.64
61641.71,39727.95,33444.87
[/slope_bb / WAVE_L]
[sr_band / WAVE_S]
sr_up,sr_mid,sr_down
52612.91,48270.95,43928.99
52491.53,48154.11,43816.7
52373.12,47453.64,42534.16
52275.33,46345.54,40415.76
52213.28,45377.29,38541.3
52175.88,44645.03,37114.19
52160.15,44249.8,36339.45
52287.58,44970.94,37654.3
52474.23,46201.53,39928.82
52650.39,47393.26,42136.13
51125.95,47383.61,43641.27
48838.5,46707.43,44576.37
46593.83,45712.7,44831.56
45102.57,44189.87,43277.17
44387.9,42680.42,40972.93
44461.41,41621.53,38781.65
44871.62,41088.94,37306.27
45317.54,40954.17,36590.8
45650.54,41519.61,37388.69
45864.39,42351.64,38838.89
45954.74,43115.94,40277.15
45980.65,43615.65,41250.66
45983.16,43868.29,41753.41
45982.81,43882.11,41781.41
45981.25,43790.63,41600.01
45979.59,43683.53,41387.46
45978.38,43605.63,41232.88
45977.62,43556.95,41136.27
45977.32,43537.47,41097.63
45758.55,43423.26,41087.96
45445.99,43266.98,41087.96
45147.1,43117.53,41087.96
44952.09,43020.03,41087.96
44860.96,42974.46,41087.96
44873.72,42980.84,41087.96
44930.22,43009.09,41087.96
44990.36,43074.31,41158.25
45034.1,42724.81,40415.51
43881.85,41594.18,39306.51
42206.96,40211.89,38216.82
41777.18,40057.32,38337.45
42411.21,40799.15,39187.08
43531.81,41951.14,40370.48
44652.42,42741.51,40830.61
45341.83,43020.5,40699.16
45444.76,42792.32,40139.88
45229.97,42390.92,39551.88
44957.8,42032.43,39107.07
44736.35,41833.07,38929.79
44743.15,41831.51,38919.86
44902.24,41950.09,38997.95
45099.01,42093.25,39087.49
45239.2,42167.4,39095.59
44102.04,41443.52,38784.99
42375.96,40361.72,38347.49
40694.6,39320.68,37946.77
40788.6,39209.4,37630.19
40777.02,38281.25,35785.48
40755.34,37062.7,33370.05
40487.37,35813.94,31140.51
40244.49,34984.74,29725
39912.83,34506.45,29100.06
41028.42,35815.76,30603.11
41011.61,36326.92,31642.24
40220.54,36123.99,32027.43
38952.82,35337.35,31721.87
37958.04,34622.87,31287.71
37190.97,33959.17,30727.37
36998.36,33737.67,30476.98
37126.7,33790.55,30454.39
37375.17,33965.6,30556.02
37580.55,34119.1,30657.66
37742.83,34252.82,30762.82
37816.78,34317.74,30818.69
37839.04,34339.75,30840.47
37839.04,34341.33,30843.62
37839.04,34342.07,30845.1
37839.04,34341.97,30844.89
39619.7,36215.28,32810.85
42164.56,38892.72,35620.88
44598.13,41453.18,38308.24
48013.84,44901.91,41789.97
51368.24,48223.85,45079.46
53762.58,50544.68,47326.79
54479.4,49571.98,44664.56
54103.82,46833.26,39562.7
53021.82,45010.3,36998.78
51923.01,44597.04,37271.06
51367.97,45299.5,39231.02
51328.79,46531.34,41733.89
51300.02,46016.93,40733.85
51437.5,45824.08,40210.65
51613.31,45702.57,39791.83
51763.89,45911.99,40060.09
51835.4,46072.33,40309.26
51886.16,46396.02,40905.89
51696.57,46409.64,41122.71
51590.78,46379.07,41167.36
54355.96,49444.01,44532.06
58401.54,53893.1,49384.66
[/sr_band / WAVE_S]
[sr_band / WAVE_M]
sr_up,sr_mid,sr_down
56203.03,54345.72,52488.4
56337.02,54397.05,52457.08
56399.63,54484.67,52569.71
56030.04,54396.55,52763.05
55475.55,54211.23,52946.9
54941.11,54003.07,53065.03
54589.33,53853.64,53117.95
54781.02,53957.71,53134.39
56498.61,55349.58,54200.54
58781.45,57250.78,55720.1
60826.53,58998.92,57171.31
62108.67,60111.78,58114.89
62627.88,60589.37,58550.85
62483.39,60482.19,58480.98
62081.68,60140.5,58199.33
62057.69,59447.26,56836.83
62310.83,58704.9,55098.98
62656.72,58083.03,53509.34
62927.15,57716.71,52506.27
63068.54,57558.9,52049.26
63046.66,57579.02,52111.38
62949.79,57668.13,52386.47
60922.49,56788.98,52655.47
58097.52,55227.78,52358.04
55420.93,53599.37,51777.8
53686.45,52422.63,51158.8
52880.02,50208.97,47537.92
52992.26,47880.22,42768.18
53489.34,45959.39,38429.44
54018.49,44862.32,35706.14
54403.33,44456.04,34508.76
56568.04,46791.48,37014.92
59414.22,50245.5,41076.78
59732.34,52374.43,45016.51
58110.04,52876.53,47643.01
55719.73,52365.15,49010.56
53524.87,51312.98,49101.1
52054.61,50339.68,48624.76
51661.7,49856.56,48051.43
51785.96,49705.33,47624.7
52053.01,49698.8,47344.59
52295.09,48627.19,44959.3
52478.93,47082.09,41685.25
52556.43,45570.01,38583.59
52591.12,44575.65,36560.17
52615.48,44777.04,36938.6
52641.4,45801.58,38961.75
52660.26,47007.81,41355.36
52672.04,47253.22,41834.4
52676.76,46811.84,40946.92
52677.94,46010.83,39343.72
52677.94,45306.34,37934.75
52677.94,45264.49,37851.03
52677.94,46004.94,39331.95
52677.94,47013.9,41349.86
52677.94,47876.43,43074.93
52677.94,48399.8,44121.66
52677.94,48567.44,44456.95
50826.32,47295.71,43765.11
48180.04,45431.52,42683
45649.49,43658.97,41668.45
43998.47,42499.35,41000.22
43226.96,41550.9,39874.84
43334.97,41027.89,38720.82
43813.3,41183.69,38554.07
44322.5,41541.17,38759.84
44692.82,41896.22,39099.62
44921.58,42172.52,39423.47
45010.3,42292.21,39574.12
45029.75,42252.04,39474.34
45131.26,42229.61,39327.97
45278.65,42251.24,39223.84
45316.91,42069.52,38822.13
45261.75,41789.15,38316.54
44504.08,39261.46,34018.83
43463.09,35849.2,28235.3
43151.4,34925.91,26700.42
42823.91,33886.56,24949.2
42513.9,32855.08,23196.26
42254.62,31970.63,21686.64
42127.28,31524.02,20920.77
42007.03,31100.11,20193.2
42012.22,31111.36,20210.49
42084.99,31358.66,20632.33
42931.06,33149.75,23368.43
44080.11,35503.81,26927.51
45173.18,37735.35,30297.52
45878.8,39165.49,32452.18
47955.62,42159.25,36362.88
50412.7,45410.92,40409.13
50857.25,45877.93,40898.6
51456.82,46543.73,41630.64
50392.43,45024.84,39657.26
49797.64,43106.68,36415.71
49565.76,41253.53,32941.31
50085.22,40488.23,30891.24
50490.93,41256.66,32022.4
50933.81,43083.7,35233.59
51570.39,45489.15,39407.92
54682.03,49246.44,43810.85
[/sr_band / WAVE_M]
[sr_band / WAVE_L]
sr_up,sr_mid,sr_down
21356.48,20739.51,20122.55
21306.87,20758.28,20209.69
21216.34,20715.05,20213.76
21116.64,20555.47,19994.29
21050.46,20369.26,19688.07
21017.77,20209.6,19401.43
21026.41,20115.02,19203.63
21053.14,20077.56,19101.98
21081.58,20088.58,19095.57
21102.27,20117.82,19133.36
21115.2,20147.34,19179.48
21120.37,20168.53,19216.69
21121.67,20181.89,19242.11
21115.76,20184.83,19253.9
21107.31,20182.7,19258.09
21099.24,20154.4,19209.56
21203.32,20292.68,19382.04
21565.53,20613.56,19661.58
22509.91,21293.36,20076.81
23603.7,22029.28,20454.86
25676.1,23567.02,21457.94
27859.22,25232.65,22606.08
29612.56,26606.59,23600.63
30534.75,27358.68,24182.6
30810.86,27610.08,24409.31
31237.3,27223.08,23208.85
31787.19,26603.24,21419.29
32331.84,26017.99,19704.15
32684.07,25630.14,18576.21
32818.67,25423.16,18027.66
32720.62,25387.97,18055.31
32528.87,25429.03,18329.19
32340.2,25987.17,19634.15
32202.98,26745.36,21287.74
32117.21,27456.83,22796.45
32082.91,27914.57,23746.23
32074.33,28126.24,24178.15
32074.33,28096.96,24119.6
32074.33,27967.31,23860.29
32074.33,27829.3,23584.26
32074.33,27728.92,23383.51
32074.33,27666.18,23258.04
32074.33,27641.09,23207.85
32074.33,27634.82,23195.3
38946.98,31071.14,23195.3
48769.13,35982.22,23195.3
58161.75,40678.53,23195.3
64289.86,43742.58,23195.3
67153.46,45174.38,23195.3
66752.55,44973.93,23195.3
64977.12,44086.21,23195.3
63087.14,43141.22,23195.3
61712.61,42453.96,23195.3
60853.53,45341.87,29830.21
61962.59,50637.59,39312.59
63952.81,56166.56,48380.3
65938.15,60117.29,54296.42
67233.47,62147.22,57060.96
67838.75,62256.34,56673.93
67754.01,61356.96,54959.91
67378.74,60257.02,53135.31
66979.25,59393.79,51808.33
66688.71,58833.84,50978.97
66507.12,58577.17,50647.22
66434.49,58499.39,50564.29
66416.33,58490.31,50564.29
66416.33,58490.31,50564.29
66416.33,58490.31,50564.29
66416.33,58738.26,51060.19
66416.33,59092.63,51768.92
66416.33,59431.5,52446.66
66416.33,59652.59,52888.85
66416.33,59755.9,53095.47
65369.69,59218.12,53066.55
63873.86,58406.15,52938.44
62443.45,57374.8,52306.16
61510.19,56504.22,51498.24
60668.05,52395.83,44123.61
60554.84,50682,40809.15
60444.55,47410.33,34376.1
60344.95,44209.59,28074.23
60192.22,41239.21,22286.21
60153.86,39905.95,19658.04
60118.22,39218.94,18319.66
60161.76,39520.51,18879.27
60642.24,42608.9,24575.56
61303.76,46789.79,32275.82
61503.4,48121.06,34738.72
61320.68,47122.67,32924.66
60950.16,44945.64,28941.12
60569.49,42680.6,24791.71
56787.89,39286.21,21784.52
51687.09,36253.17,20819.25
46917.17,33998.15,21079.13
43850.54,32798.97,21747.4
42449.98,32432.82,22415.66
42700.26,33887.32,25074.37
43626.67,36003.62,28380.57
44596.32,37990.59,31384.86
49211.38,42408.81,35606.23
[/sr_band / WAVE_L]
[divergence / WAVE_S]
hma20,ema20
47695.525,49294
46697.24,48878.03
45878.883,48276.887
45104.583,47626.656
44661.513,47202.559
44263.034,46689.206
44054.293,46310.133
44207.263,46141.433
44536.838,45965.105
44655.519,45677.092
44813.228,45586.937
44886.25,45452.608
44685.803,45184.515
44067.911,44755.363
43225.295,44293.121
42310.064,43827.582
41537.875,43401.727
41139.764,43114.02
41239.287,42993.334
41574.527,42869.802
41993.865,42801.255
42472.474,42845.252
43056.522,43016.903
43670.29,43234.538
44125.78,43372.512
44459.396,43552.56
44724.952,43767.111
44877.706,43927.487
44850.18,44001.631
44640.586,43998.637
44356.615,43993.438
43981.379,43903.946
43479.851,43705.317
42819.372,43397.359
42122.358,43077.213
41643.03,42875.26
41310.885,42618.012
40932.621,42244.883
40416.828,41810.012
39987.023,41499.071
40183.151,41597.333
41117.908,41939.099
42127.459,42078.444
42435.376,41853.27
42107.546,41627.912
41809.283,41712.977
42098.552,42100.124
42606.863,42293.846
42685.725,42113.704
42254.319,41867.848
41501.278,41617.471
40786.31,41443.456
40151.739,41171.833
39485.046,40742.888
38798.132,40305.65
38270.037,39966.658
37886.158,39628.828
37562.546,39256.265
37207.958,38847.215
36917.164,38517.805
36773.83,38282.911
36835.963,38134.66
36905.218,37928.679
36757.617,37610.828
36400.827,37289.005
35953.494,36987.529
35345.851,36569.822
34481.376,35992
33349.953,35284.233
32346.682,34726.201
31550.239,34176.248
31130.035,33749.084
31143.495,33480.715
31585.266,33374.252
32270.378,33378.697
33060.91,33472.058
34049.027,33798.977
35374.24,34396.762
37112.594,35260.097
39245.695,36367.118
41941.947,37886.737
45306.566,39853.016
48294.945,41463.159
49809.004,42423.901
49331.152,42737.194
48765.799,43775.378
48403.645,44640.066
47973.149,45006.689
46817.456,44780.045
45472.056,44591.314
43922.102,44248.146
42977.557,44190.324
43243.991,44573.565
44998.488,45417.532
47094.402,46056.099
48231.477,46114.167
48729.05,46443.162
49573.976,47351.209
51648.016,48922.397
54039.441,50153.817
[/divergence / WAVE_S]
[divergence / WAVE_M]
hma20,ema20
53864.997,54218.357
53696.095,54198.013
53621.291,54093.944
53658.734,54059.159
53647.909,53959.138
53733.526,53981.981
53936.224,54065.355
54462.681,54332.315
55615.639,54971.186
56999.97,55555.208
58716.496,56445.059
60200.764,57168.87
60906.244,57548.423
61253.061,58142.954
61091.277,58414.851
60191.26,58279.851
58900.702,58077.46
57545.636,57763.824
56288.654,57383.863
55350.084,57039.932
54608.352,56568.491
53830.269,55966.101
53106.436,55431.824
52366.289,54820.609
51688.046,54244.854
51186.494,53755.673
50758.954,53213.487
50293.519,52647.194
49426.167,51819.765
48845.207,51398.145
48821.77,51223.026
49469.241,51262.419
49897.171,50955.935
50025.259,50663.552
49864.259,50442.813
49921.43,50493.081
50176.075,50577.501
50724.838,50753.401
50830.561,50557.664
50054.994,49983.626
48812.698,49498.226
47178.001,48749.381
45791.26,48196.094
44782.788,47631.15
44423.006,47253.897
44237.932,46769.283
44263.765,46414.905
44073.822,45922.703
43562.169,45330.776
42725.456,44696.576
42040.677,44242.492
41624.581,43871.689
41654.27,43665.705
42193.823,43685.18
42920,43692.325
43695.862,43818.638
44288.791,43910.647
44538.045,43914.405
44417.533,43859.616
43915.053,43651.514
43132.429,43352.601
42315.614,43062.487
41402.331,42603.42
40634.781,42222.639
40810.383,42417.966
41286.614,42358.882
41585.763,42151.642
42172.762,42395.094
42601.157,42406.435
42496.709,42207.468
42078.543,42041.576
41345.059,41681.116
40295.771,41200.518
39224.269,40734.292
38249.152,40200.314
37475.02,39712.275
37092.257,39382.104
36863.49,38961.701
36571.066,38482.935
36048.2,37919.834
35060.19,37122.001
33872.413,36377.009
32743.226,35665.388
32053.866,35147.126
31952.059,34830.266
32570.596,34796.886
34056.403,35217.625
36475.336,36124.562
40159.253,37821.499
43917.03,39324.754
46152.368,40081.112
47523.62,41267.507
47668.325,41916.388
46918.118,42328.079
45795.317,42656.368
45619.181,43464.289
46195.921,44268.051
47092.698,44888.168
48970.824,46225.74
51377.025,47589.738
[/divergence / WAVE_M]
[divergence / WAVE_L]
hma20,ema20
20627.023,20691.8
20539.355,20602.636
20367.873,20515.445
20109.649,20382.366
19853.664,20265.068
19697.877,20190.836
19676.847,20148.493
19713.616,20096.265
19766.307,20048.433
19872.319,20058.855
20002.252,20079.772
19971.814,19987.718
19839.562,19909.229
19841.954,19969.087
19963.72,20030.516
20113.432,20065.892
20502.164,20289.757
21139.196,20613.302
21960.268,21019.48
22713.133,21368.864
23866.083,22118.768
25277.999,22950.194
26889.596,23890.362
28350.354,24767.936
29569.902,25618.381
30376.641,26381.616
30688.193,26950.181
30552.295,27367.58
29846.917,27446.607
28308.98,27031.4
26527.003,26636.209
25348.028,26539.124
25195.914,26692.375
25849.471,26911.256
26914.204,27154.924
28875.203,28092.311
31618.552,29399.918
34519.003,30692.153
37205.591,32065.677
39577.094,33525.582
42607.651,35808.347
46821.526,38745.478
51000.516,41230.312
53972.87,43191.678
55965.165,45241.622
56781.275,46861.226
56521.738,48058.752
56238.766,49425.285
56004.066,50444.181
55716.162,51213.488
55465.863,51891.582
56782.055,53542.253
58795.878,54940.46
60463.182,55853.14
61148.881,56447.792
61075.049,56936.348
60451.973,57340.332
59753.305,57661.743
59020.526,57745.664
58163.553,57600.599
57198.283,57359.836
56154.973,56984.423
55208.308,56612.154
54374.4,56175.74
53926.374,55899.386
53647.533,55546.702
53599.8,55300.183
53673.064,55100.307
53902.869,54994.526
54619.377,55264.461
55649.242,55583.284
56400.612,55675.202
56596.389,55633.199
55984.29,55295.031
54731.43,54814.077
53058.808,54162.126
51675.496,53685.267
50555.495,53091.808
50004.71,52694.585
49190.354,51842.048
48177.084,50988.896
46801.991,50006.59
45167.529,48874.452
43576.614,47845.741
42573.776,47066.62
42174.928,46421.761
41975.786,45688.038
41686.43,44922.961
41235.763,44192.487
40661.84,43511.06
39863.325,42721.935
38931.622,41910.378
37847.584,41020.049
36430.179,39911.929
35074.016,38967.031
35171.762,38989.542
36342.583,39089.704
38250.972,39430.713
40894.801,40326.845
44572.18,41947.487
[/divergence / WAVE_L]
[price_index / WAVE_S]
ap1,ap2
47316.86,48263.45
46558.3,47785.31
44971.85,46868.84
44035.06,45987.25
44687.24,45769.23
43750.84,45202.44
44028.83,44984.91
44933.01,45190.1
44772.99,45175.32
43963.04,44805.94
44861.33,44977.58
44560.23,44904.91
43648.27,44479.11
42416.56,43748.24
41782.98,43093.86
41286.67,42524.09
41059.49,42098.31
41456.01,42005.19
42192.36,42214.89
42095.85,42243.96
42325.01,42336.59
42957.46,42629.69
43807.54,43117.72
44309.42,43566.62
44102.71,43709.77
44528.76,43973.96
44957.74,44293.51
44879.07,44435.27
44535.67,44383.2
44140.79,44211.95
44102.2,44124.55
43576.73,43863.55
42801.12,43412.3
41900.13,42812.56
41477.01,42325.53
41804.36,42203.54
41254.15,41884.67
40310.49,41306.81
39567.57,40682.96
39828.22,40456.87
41905.55,41191.1
43518.77,42192.21
42782.26,42365.11
40776.8,41651.27
40471.55,41217.34
42078.24,41666.29
44078.26,42672.6
43420.66,42885.16
41354.87,42188.91
40657.27,41617.01
40288.7,41199.54
40438.11,41045.18
39629.42,40623.93
38358.91,39883.43
37834.93,39273.2
37955.36,38973.79
37621.26,38637.75
37081.27,38206.44
36507.05,37709.93
36574.47,37444
36819.36,37361.37
37129.09,37408.25
36674.32,37212
35825.48,36741.53
35491.47,36347.36
35279.63,36037.3
34304.31,35443.4
32951.62,34549.78
31605.45,33501.27
31722.78,32992.03
31203.97,32460.24
31366.26,32212.61
31896.8,32257.36
32625.49,32538.38
33235.63,32896.93
33833.15,33304.27
35409.24,34149.15
37482.7,35419.87
39663.6,37020.04
41960.83,38869.03
45470.64,41391.57
49591.88,44539.24
49673.16,46252.1
47648.24,46384.78
44856.14,45412.73
49391.23,46907.39
49492.91,47699.92
47451.11,47305.33
44241.47,45859.13
44063.5,45136.16
42800.23,44264.16
43979.23,44325.15
46461.35,45362.65
49641.7,47165.19
49427.55,47956.23
46629.21,47260.28
48248.79,47657.08
52146.25,49447.57
57082.56,52401.09
56839.65,53803.82
[/price_index / WAVE_S]
[price_index / WAVE_M]
ap1,ap2
53815.13,53830.43
54023.77,53914.75
53500.74,53734.56
53802.37,53770.1
53370.58,53607.05
54005.3,53787.96
54412.89,54037.07
55654.24,54661.55
58176.34,56024.48
58567.49,56876.66
60996.31,58372.43
61009.52,59163.45
59737.82,59100.26
61393.54,59829.55
60116.4,59689.86
57911.48,58765.25
57251.94,58085.62
56281.13,57355.64
55477.69,56653.7
55204.92,56179.98
54027.72,55431.97
52729.72,54488.38
52469.14,53870.16
51473.2,53086.83
51069.04,52463.27
50987.94,52064.39
50192.35,51479.19
49490.57,50850.88
47334.1,49613.81
48817.16,49599.22
49887.96,49967.12
51078.62,50586
49118.38,50060.76
48862.32,49714.35
49011.46,49585.62
50509.47,50090.28
50911.55,50448.08
51705.58,50913.12
49666.82,50318.4
47051.22,49013.19
46799.79,48313.99
44605.57,47058.76
44913.21,46547.02
44273.02,45956.48
44839.47,45826.13
43821.85,45283.67
44118.5,45095.29
42929.97,44474.05
41845.97,43680.46
40995.87,42883.86
41436.02,42609.8
41512.1,42432.28
42189.88,42560.17
43431.75,43077.31
43497.32,43313.95
44340.55,43753.57
44388.03,43964.09
44003.63,43913.35
43662.58,43758.22
42662.3,43281.8
41852.34,42720.37
41535.97,42314.29
40191.78,41541.92
40152.25,41127.37
43268.4,42159.18
42055.04,42113.75
41099.67,41716.01
43684.69,42561.65
42620.03,42519.2
41299.4,42002.06
41220.22,41746.51
39769.07,41049.41
38574.32,40227.61
38065.87,39604.74
37124.88,38876.37
36831.43,38346.54
37291.46,38214.29
36435.5,37741.54
35677.07,37143.09
34685.57,36397.57
32726.67,35169.87
32202.55,34287.23
31652.28,33543.2
32091.3,33278.54
32820.15,33365.86
34275.68,33944.24
37123.12,35341.33
40720.74,37454.85
46442.93,40919.65
47187.9,43034
44511.96,43081.62
47841.81,44648.1
45976.02,44721.3
45188.65,44545.65
45044.05,44478.17
48235.53,45783.46
49132.59,46794.79
48940.91,47249.58
53930.69,49562.46
55557.86,51421.14
[/price_index / WAVE_M]
[price_index / WAVE_L]
ap1,ap2
20315.38,20561.34
20012.57,20393.13
19928.71,20272.48
19558.68,20055.35
19508.34,19920.7
19655.12,19897.56
19791.2,19923.02
19703.79,19888.06
19689.41,19856.6
20024.82,19962.33
20127.61,20044.98
19430.12,19818.22
19387.57,19700.27
20201.09,19947.04
20324.87,20099.13
20246.73,20145.52
21502.18,20661.23
22453.58,21276.83
23394.53,21954.34
23559.65,22365.13
26356.14,23748.34
27665.61,25010.51
29214.29,26341.12
29881.53,27342.65
30662.29,28240.2
31040.53,28917.02
30644.31,29172.24
30249.79,29224.35
28488.1,28631.05
25378.1,27171.88
24815.52,26291.73
26043.79,26357.16
27431.73,26911.26
28024.1,27394.76
28428.15,27794.94
33042.27,29827.16
36552.92,32199.02
38129.31,34006.8
40214.09,35792.58
42229.53,37613.73
48553.77,41298.11
54943.77,45881.94
55648.65,48539.94
55332.39,49902.56
57995.63,51854.44
57566.15,52818.01
56501,53105.17
58552.07,54274.6
57755.49,54660.06
57156.43,54746.42
57196.22,54939.35
63664.38,57740.62
64029.14,59276.51
62396.42,59559.14
61110.51,59400.38
60728.4,59356.83
60426.24,59351.33
60105.32,59323.08
58614.49,58853.45
56893.86,58077.74
55864.42,57364.2
54547.03,56523.02
54036.61,55898.05
53145.18,55211.9
53582.68,55020.64
52713.97,54546.83
52992.14,54382.4
53093.68,54277.62
53566.88,54351.98
55921.12,55265.68
56707.06,55965.16
55704.97,55922.84
54965.53,55644.65
52944.84,54768.72
51594.95,53827.1
49980.78,52697.32
50391.47,52239.36
49186.53,51462.93
49781.39,51253.84
46539.53,49813.53
45538.37,48687.07
43814.97,47373.26
41837.75,45853.26
41272.53,44772.52
41756.51,44308.73
41865.13,43990.98
40739.02,43280.12
39865.6,42491.97
39293.18,41809.78
38804.97,41227.01
37477,40331.17
36563.21,39443.04
35310.22,38403
33166.55,36912.34
33044.63,36024.95
38190.09,37475.29
38990.69,38354.26
40775.29,39448.36
44909.76,41550.12
50767.21,44834.27
[/price_index / WAVE_L]
[fund_updown_bb / FUND_WAVE_L]
datetime,fund_open,fund_high,fund_low,fund_close,fund_volume,fund_upbb_u,fund_upbb_m,fund_upbb_l
2026-01-16,90.045,94.299,86.852,91.133,261194,141.86,104.95,80.36
2026-01-19,93.169,94.299,90.681,92.285,240024,130.46,101.19,81.39
2026-01-20,93.121,98.709,91.449,97.25,268247,121.4,98.48,83.12
2026-01-21,95.84,115.221,94.527,109.829,417695,115.78,96.94,87.84
2026-01-22,114.938,115.221,105.093,106.668,208249,111.01,96.39,87.75
2026-01-23,106.613,107.699,101.281,102.824,186833,108.83,96.47,86.21
2026-01-26,102.567,104.419,99.182,100.028,201485,109.03,96.84,86.26
2026-01-27,100.277,105.969,99.182,103.713,295805,109.49,97.56,86.18
2026-01-28,105.707,105.969,103.162,103.897,245077,110.32,98.4,86.47
2026-01-29,104.631,140.479,103.162,137.126,586963,125.75,101,88.52
2026-01-30,134.444,170.237,133.505,161.486,605900,146.43,105.47,86.56
2026-02-02,169.839,170.237,156.896,157.146,459298,158.01,110.69,80.89
2026-02-03,166.14,166.473,142.209,146.494,199754,163.64,115.67,78.59
2026-02-04,144.615,257.481,142.209,256.264,1440914,218.01,124.91,79.96
2026-02-05,236.055,267.556,236.055,252.726,612526,250.01,136.3,67.64
2026-02-06,266.938,267.556,227.257,237.389,443081,268.53,148.37,59.04
2026-02-09,233.855,471.791,227.257,460.582,2562101,381.37,170.97,59.91
2026-02-10,415.746,546.632,411.67,535.051,1604071,484.42,202.08,37.47
2026-02-11,545.474,795.061,522.311,766.208,3164140,659.24,248.07,13.44
2026-02-12,726.135,795.061,675.03,676.491,836102,745.81,296.44,-26.26
2026-02-13,691.102,2622.661,675.03,2517.228,15081323,1776.33,427.55,-34.01
2026-02-19,2345.898,2622.661,2328.326,2426.794,3545919,2300,596.69,-321.05
2026-02-20,2490.882,3214.538,2345.616,2828.605,6026936,2844.2,805.74,-501.95
2026-02-23,2965.094,3214.538,2415.095,2423.282,1535100,3124.86,1014.19,-616.76
2026-02-24,2550.177,2599.297,2140.095,2175.882,1422203,3300.43,1213.72,-561.06
2026-02-25,2211.67,2247.457,1841.986,1860.406,968135,3365.08,1396.53,-380.37
2026-02-26,1884.966,1909.526,1540.869,1584.427,1246112,3344.64,1549.03,-121.69
2026-02-27,1625.263,1630.708,1316.242,1346.635,748415,3223.16,1672.12,148.16
2026-03-03,1365.338,1370.014,1061.89,1063.948,877509,3065.8,1756.61,394.15
2026-03-04,1140.091,1164.786,784.516,806.984,1057180,2779.13,1813.01,536.48
2026-03-05,883.75,917.453,757.129,795.318,760054,2844.04,1771.01,662.7
2026-03-06,767.092,1008.192,757.129,981.235,2193010,2873.9,1690.29,566.04
2026-03-09,957.872,1082.529,916.538,1065.932,1901268,2679.99,1572.42,483.36
2026-03-10,973.723,1124.544,971.879,1063.205,1793433,2524.03,1450.96,501.71
2026-03-11,1065.064,1124.544,960.144,978.87,1007464,2318.27,1332.48,574.75
2026-03-12,1007.81,2909.047,960.144,2909.047,11845453,2569.47,1314.11,671.49
2026-03-13,2239.226,4880.267,2211.966,4394.474,11546015,3548.72,1423.75,587.51
2026-03-16,4372.139,4880.267,3757.309,3894.03,2791075,4063.54,1588.41,79.64
2026-03-17,4162.41,4316.726,3757.309,4192.949,5175121,4623.44,1811.32,-188.4
2026-03-18,3986.654,4316.726,3891.598,4014.093,2738590,5028.05,2070.79,-282.58
2026-03-19,4061.207,7544.843,3891.598,7406.911,14628900,6634.93,2503.87,-206.83
2026-03-20,6000.012,10393.833,5951.736,9292.397,10474646,8501.13,3102.63,-383.25
2026-03-23,9602.661,10393.833,6991.578,7164.702,2120674,9069.28,3692.33,-681.21
2026-03-24,7803.932,7897.153,5869.188,6160.566,2898104,9367.45,4240.69,-304.4
2026-03-25,6921.717,7112.004,5711.937,6280.942,3339824,9201.16,4780.96,348.15
2026-03-26,5919.842,6477.905,5055.143,5074.005,1584081,9136.88,5178.17,1354.27
2026-03-27,5281.493,5394.668,4242.239,4274.871,1434052,9104.26,5402.04,2163.13
2026-03-30,4495.141,4838.537,4242.239,4764.478,3981269,8912.87,5578.96,2672.92
2026-03-31,4427.097,5066.094,4320.123,4408.476,3591657,8748.75,5696.32,3065.88
2026-04-01,4928.075,5066.094,3586.863,3889.37,1654790,8535.84,5763.96,3219.69
2026-04-02,3983.003,4040.623,3571.881,3734.857,2405714,8507.08,5644.53,3269.61
2026-04-03,3666.95,7130.541,3571.881,7017.358,11359132,7692.9,5489.89,3057.42
2026-04-06,5628.292,7130.541,5618.002,6091.785,3727911,7470.54,5364.02,3322.03
2026-04-07,6484.804,6484.804,4954.464,5129.844,2125006,7134.8,5250.03,3393.32
2026-04-08,5243.84,5454.295,4338.287,4525.889,1874679,6888.86,5108.41,3563.65
2026-04-09,4604.056,4650.957,4059.346,4087.102,1603621,6621.65,4986.74,3488.19
2026-04-10,4246.7,4267.517,3412.315,3538.253,1042620,6524.6,4885.36,3285.36
2026-04-13,3538.253,3562.241,3097.718,3102.986,1100621,6573.04,4753.28,2958.69
2026-04-14,3276.837,3276.837,2715.406,2749.289,1463409,6668.3,4606.65,2570.75
2026-04-15,2831.574,2836.414,2366.803,2410.391,1137853,6798.31,4460.31,2159.4
2026-04-16,2488.848,2488.848,2059.274,2085.723,681708,6953.04,4306.05,1711.16
2026-04-17,2127.286,2127.286,1730.56,1740.246,481486,6386.68,3986.16,1198.87
2026-04-20,1762.847,1772.533,1504.876,1524.529,525476,6033.05,3614.61,875.26
2026-04-21,1541.375,1575.066,1343.821,1374.833,790949,5847.82,3248.53,840.97
2026-04-22,1390.338,1643.064,1343.821,1591.087,1918307,5384.51,2917.89,798.59
2026-04-23,1547.772,1643.064,1352.039,1367.462,608804,4874.49,2612.84,780.5
2026-04-24,1413.729,1413.729,1295.588,1319.804,854416,4349.68,2342.99,786.28
2026-04-27,1319.804,1334.334,1137.877,1163.591,480776,3849.15,2103.94,785.52
2026-04-28,1176.449,1178.592,1093.823,1114.079,728023,3390.57,1895.23,812.65
2026-04-29,1112.053,1922.54,1093.823,1832.469,3474028,2939.98,1750.21,896.87
2026-04-30,1841.787,2412.108,1792.093,2179.163,2976037,2593.86,1668.52,1028.99
2026-05-04,2306.907,2412.108,1851.834,1872.184,902526,2310.6,1622.81,1059.57
2026-05-06,1940.017,1943.409,1627.605,1636.581,651609,2155.32,1597.27,1064.76
2026-05-07,1705.395,1708.387,1362.533,1370.486,601781,2097.03,1579.19,1054.72
2026-05-08,1410.248,1426.153,1179.175,1202.711,544861,2087,1549.64,1028.31
2026-05-11,1242.723,1245.077,1041.843,1052.518,589399,2090.62,1518.8,959.05
2026-05-12,1090.947,1387.1,1041.843,1325.565,2002033,2120.64,1501.85,955.58
2026-05-13,1281.978,1387.1,1121.841,1126.439,579293,2134.68,1490,937.3
2026-05-14,1167.818,1204.6,1102.345,1151.637,938915,2150.95,1484.44,939.4
2026-05-15,1102.345,1191.967,982.572,1002.877,1084635,2123.88,1443.85,875.07
2026-05-18,1148.402,1148.402,857.889,928.873,521908,1950.05,1367.4,784.99
2026-05-19,871.072,940.028,754.698,769.756,348725,1856.2,1278.79,744.4
2026-05-20,800.759,822.904,634.885,647.426,351625,1731.88,1187.74,670.09
2026-05-21,659.967,678.778,586.014,589.502,330185,1611.85,1103.66,567.62
2026-05-22,589.502,600.665,560.379,565.537,405761,1528.26,1028.87,470.9
2026-05-26,570.051,584.883,517.855,519.048,377592,1472.87,963.22,373.28
2026-05-27,531.577,533.367,457.186,463.395,407611,1441.33,887.74,332.34
2026-05-28,493.309,493.309,428.217,448.821,492584,1364.14,815.91,285.09
2026-05-29,456.06,804.192,428.217,691.277,1948029,1262.92,755.47,302.03
2026-06-01,693.001,804.192,631.915,658.383,643453,1140.96,705.93,341.43
2026-06-02,631.915,680.715,556.233,571.451,464149,1020.72,661.59,400.16
2026-06-04,590.474,593.518,492.21,503.784,337032,897.4,624.38,431.67
2026-06-05,492.21,521.484,422.19,431.341,306239,797.91,593.33,423.58
2026-06-08,439.883,446.594,334.34,357.111,314808,743.04,565.03,382.69
2026-06-09,334.34,372.106,324.815,341.831,262782,729.78,538.87,345.36
2026-06-10,327.317,728.978,324.815,728.978,1971403,743.42,533.33,327.96
2026-06-11,728.978,2095.162,669.805,1573.311,5998925,1212.65,578.31,326.94
2026-06-12,1955.484,2095.162,1553.912,1858.251,2847639,1600.98,662.55,187.29
2026-06-15,1784.785,4284.359,1689.712,3948.885,10820358,2942.36,850.38,17.91
2026-06-16,3556.826,9909.958,3273.897,8933.371,22318263,6373.19,1315.26,-457.83
[/fund_updown_bb / FUND_WAVE_L]
