[meta]
code,047040
name,대우건설
[/meta]
[raw_daily / RAW]
datetime,open,high,low,close,volume
2026-01-16,4015,4770,3955,4500,21682708
2026-01-19,4750,4770,4405,4510,11464354
2026-01-20,4455,5370,4320,5020,31512410
2026-01-21,4880,4970,4645,4765,8778597
2026-01-22,4945,4995,4745,4970,8629469
2026-01-23,5050,5760,5020,5170,17861252
2026-01-26,5100,5170,4765,4820,7125405
2026-01-27,5130,5130,4785,4805,6564699
2026-01-28,4855,5340,4845,5190,11136862
2026-01-29,5160,5210,5010,5150,4209289
2026-01-30,5100,5100,4860,4970,5537079
2026-02-02,4825,5080,4760,4855,5766672
2026-02-03,5000,5170,4805,5120,4573775
2026-02-04,5310,5720,5240,5590,15411599
2026-02-05,5500,5650,5300,5430,5068842
2026-02-06,5300,5650,5110,5520,6166128
2026-02-09,5530,5890,5460,5770,9556343
2026-02-10,6330,7430,6210,7060,51272010
2026-02-11,7480,7620,7140,7480,22634399
2026-02-12,7470,8040,7170,7700,33121669
2026-02-13,7540,7950,7070,7300,19731604
2026-02-19,7350,7930,7260,7930,21729464
2026-02-20,7860,8260,7570,7800,19986146
2026-02-23,7900,8160,7380,7500,15785513
2026-02-24,7480,8450,7450,8110,27374977
2026-02-25,8270,9120,8200,8750,41984242
2026-02-26,8980,10850,8750,10050,77399247
2026-02-27,10050,10350,9670,10140,17508679
2026-03-03,9940,10000,8900,8900,18441571
2026-03-04,8200,8610,7300,7550,19864708
2026-03-05,8600,9180,8200,8540,16756234
2026-03-06,8540,8970,8160,8770,11357317
2026-03-09,8180,9100,7950,8810,10560645
2026-03-10,9380,9790,8990,9470,16484612
2026-03-11,9790,10440,9570,9950,18985706
2026-03-12,9950,10910,9750,10460,23886371
2026-03-13,10310,13550,10140,12320,85920735
2026-03-16,12700,12780,11910,11980,25547663
2026-03-17,12230,12910,12030,12110,15508959
2026-03-18,12320,15350,12310,14870,112090190
2026-03-19,14560,17250,14440,16170,77367679
2026-03-20,16860,19430,16840,19110,96685709
2026-03-23,19730,19750,16900,17060,37468622
2026-03-24,18190,19370,15430,16400,60843341
2026-03-25,16980,17500,15910,16410,37021924
2026-03-26,16400,16740,15560,15900,18558692
2026-03-27,15490,17590,15480,17260,54365132
2026-03-30,16560,17530,16020,17340,30371328
2026-03-31,17530,17650,15510,15550,18352582
2026-04-01,16880,19880,16830,19430,79789445
2026-04-02,19650,19740,16000,16440,51122389
2026-04-03,17250,17830,16610,16810,32764212
2026-04-06,17030,18040,17010,17310,30234480
2026-04-07,17850,18600,16940,17350,35131466
2026-04-08,18780,22550,18660,22550,90652757
2026-04-09,21500,24400,20850,23350,98550901
2026-04-10,25650,26100,23400,24300,58615087
2026-04-13,23350,25000,23150,23750,31603945
2026-04-14,24900,24950,22750,23500,30363441
2026-04-15,24000,29450,24000,28500,90657421
2026-04-16,28950,29000,26650,28600,45646250
2026-04-17,28600,29400,27100,28700,28742945
2026-04-20,28300,28900,27650,28100,17633319
2026-04-21,28950,34650,28850,32850,94558241
2026-04-22,31850,32700,30500,32550,25850868
2026-04-23,34250,36200,32250,33250,38508390
2026-04-24,33200,34550,31900,32800,16171273
2026-04-27,33450,34150,31550,33200,22612731
2026-04-28,33850,40350,32300,37150,81046981
2026-04-29,37200,37350,35100,36900,14294409
2026-04-30,36450,36450,34800,35000,11755161
2026-05-04,35000,35350,30500,32150,27071233
2026-05-06,32150,33700,29450,32200,22768867
2026-05-07,36200,37400,32800,33200,22703197
2026-05-08,32000,32850,31100,32850,6770847
2026-05-11,32200,33450,31400,32100,7527901
2026-05-12,32100,32150,28350,30150,10316768
2026-05-13,28900,29750,28500,28950,6533006
2026-05-14,29650,32600,29650,32600,15916665
2026-05-15,33100,33200,27800,28500,14557771
2026-05-18,26950,29650,26350,29300,13905121
2026-05-19,28850,30250,26850,27050,7849481
2026-05-20,26700,27700,25600,26650,8708172
2026-05-21,28850,30150,27000,28350,16454434
2026-05-22,29850,29900,27650,28550,9472041
2026-05-26,29800,32350,29300,29450,18167764
2026-05-27,29450,29500,26600,26750,11387189
2026-05-28,26750,27450,24475,25450,10053333
2026-05-29,26500,27250,24850,26200,15513424
2026-06-01,25050,25200,24150,24250,10073054
2026-06-02,23650,23750,21750,22800,11153842
2026-06-04,22450,23850,22200,22950,7353762
2026-06-05,22700,22700,21250,21750,5183067
2026-06-08,19320,20800,19250,20400,6750004
2026-06-09,20450,21200,19290,21050,7740230
2026-06-10,20150,21600,19750,20750,5548814
2026-06-11,19970,20450,19270,20450,4768874
2026-06-12,23850,24600,21100,21850,16686775
2026-06-15,24550,24550,22350,22900,11338263
2026-06-16,23150,28750,22300,27450,48167340
[/raw_daily / RAW]
[updown_bb / WAVE_S]
datetime,open,high,low,close,upbb_u,upbb_m,upbb_l,rsi,stoch
2026-05-15 14:24,33100,33200,31320,31320,32839.82,30701.99,28024.57,46.46,43.97
2026-05-16 04:48,31320,31320,29340,29340,32706.86,30750.89,28113.12,42.56,35.32
2026-05-16 19:12,29340,29340,27360,27360,32813.36,30630.57,27461.12,35.13,19.33
2026-05-17 09:36,27360,27360,26350,27320,33109.77,30381.41,26838.07,31.88,15.05
2026-05-18 00:00,27320,29300,27320,29300,32842.96,30110.46,26516.6,37.8,19.39
2026-05-18 04:48,26950,27290,26350,27290,32775.62,29777.38,26159.8,33.9,19.13
2026-05-18 09:36,27290,28830,27290,28830,32023.77,29418.69,26198.93,37.77,22.33
2026-05-18 14:24,28830,30250,28830,30130,31818.69,29187.8,26966.51,45.17,33.59
2026-05-18 19:12,30130,30130,28590,28590,31354.14,29036.24,26975.35,42.71,35.8
2026-05-19 00:00,28590,28590,27050,27050,31171.7,28881.84,26668.25,36.95,28.07
2026-05-19 04:48,28850,30250,28850,30230,30642.28,28744.24,26761.43,46.7,36.15
2026-05-19 09:36,30230,30230,28810,28810,30289.53,28641.77,26852.9,45.55,44.4
2026-05-19 14:24,28810,28810,27390,27390,30073.23,28583.2,26815.25,40.41,42.38
2026-05-19 19:12,27390,27390,25970,25970,30134.56,28486.59,26284.02,34.33,24.29
2026-05-20 00:00,25970,26650,25600,26650,30331.55,28314.15,26029.13,33.16,20.58
2026-05-20 04:48,26700,26700,25600,25990,30499,28163.94,25648.11,30.71,16.66
2026-05-20 09:36,25990,27480,25990,27480,30486.88,28021.19,25422.59,35.92,20.57
2026-05-20 14:24,27480,28970,27480,28970,30141.62,27890.8,25356.76,45.11,33.95
2026-05-20 19:12,28970,30150,28970,29840,30371.22,27874.73,25566.48,52.35,51.51
2026-05-21 00:00,29840,29840,28350,28350,30294.65,27918.62,25507.31,50.29,57.24
2026-05-21 04:48,28850,30050,28850,30050,30198.18,27929.56,25476.11,56.01,69.15
2026-05-21 09:36,30050,30150,29050,29050,30240.21,27945.51,25450.9,54.99,74.58
2026-05-21 14:24,29050,29050,27850,27850,30275.67,27974.35,25472.31,49.33,69.69
2026-05-21 19:12,27850,27850,27000,27350,30298.77,28051.24,25772.33,44.8,60.55
2026-05-22 00:00,27350,28550,27350,28550,30221.07,28176.16,25955.85,47.73,59.67
2026-05-22 19:12,29850,31650,29850,31650,31029.64,28496.04,26515.49,60.62,76.72
2026-05-23 14:24,31650,32350,31250,31250,31421.31,28830.92,26818.1,64.36,80.83
2026-05-24 09:36,31250,31250,29450,29450,31633.56,29032.47,27208.76,59.29,74.04
2026-05-25 04:48,29450,29450,27650,27650,31685.83,29051.12,27209.1,49.93,56.24
2026-05-26 00:00,27650,29450,27650,29450,31630.44,29123.64,27177.42,52.48,51.75
2026-05-26 04:48,29800,31490,29800,31490,32020.58,29232.35,27220.63,60.13,64.47
2026-05-26 09:36,31490,32350,31490,31520,32372.46,29403.92,27083.36,63.45,73.96
2026-05-26 14:24,31520,31520,29830,29830,32508.19,29584.9,27291.5,58.65,72.64
2026-05-26 19:12,29830,29830,28140,28140,32424.94,29719.05,27621.72,50.01,59.5
2026-05-27 00:00,28140,28140,26600,26750,32067.06,29714.79,27074.71,42.08,33.01
2026-05-27 04:48,29450,29500,28340,28340,32044.73,29572.47,27064.08,43.29,21.73
2026-05-27 09:36,28340,28340,27130,27130,31983.61,29320.15,26677.73,39.73,12.05
2026-05-27 14:24,27130,27130,25920,25920,32036,29032.84,25934.05,34.72,6.67
2026-05-27 19:12,25920,25920,24710,24710,32210.39,28748.5,24944.99,29.75,3.69
2026-05-28 00:00,24710,25450,24475,25450,32558.57,28413.14,24396.44,28.81,5.64
2026-05-28 04:48,26750,27450,26750,27070,31987.62,28031.33,24047.16,35.37,11.44
2026-05-28 09:36,27070,27070,25990,25990,31219.18,27574.64,24138.56,34.06,12.52
2026-05-28 14:24,25990,25990,24910,24910,30408.37,27105.93,24188.5,30.65,8.44
2026-05-28 19:12,24910,25120,24475,25120,29573.55,26712.54,24140.61,29.47,8.17
2026-05-29 00:00,25120,26200,25120,26200,28856.25,26465.52,24032.06,34.16,11.91
2026-05-29 14:24,26500,27250,26500,27210,28397.7,26266.49,24465.68,41.66,22.45
2026-05-30 04:48,27210,27210,26420,26420,27803.1,26115.41,24771.64,41.32,31.37
2026-05-30 19:12,26420,26420,25630,25630,27306.07,26011.04,24793.29,38.25,36.78
2026-05-31 09:36,25630,25630,24840,24840,27128.88,25952.24,24742.89,34.1,28.82
2026-06-01 00:00,24840,24840,24150,24250,27208.04,25860.06,24359.6,30.34,17.3
2026-06-01 04:48,25050,25200,24420,24420,27140.66,25689.05,24128.16,28.97,10.27
2026-06-01 09:36,24420,24420,23490,23490,27184.53,25485.77,23616.92,25.6,6.04
2026-06-01 14:24,23490,23490,22560,22560,27297.4,25271.26,22839.65,21.94,3.49
2026-06-01 19:12,22560,22560,21750,21870,27547.84,25009.46,21966.09,18.99,2.65
2026-06-02 00:00,21870,22800,21870,22800,27688.87,24716.2,21601.56,19.66,6.42
2026-06-02 09:36,23650,23850,23350,23350,27193.7,24384.85,21370.99,23.93,10.94
2026-06-02 19:12,23350,23350,22650,22650,26819.36,24036.4,21421,22.72,11.1
2026-06-03 04:48,22650,22650,21950,21950,26259.88,23681.1,21313.17,20.42,6.58
2026-06-03 14:24,21950,22250,21750,22250,25691.95,23369.3,21315.76,19.96,7.18
2026-06-04 00:00,22250,22950,22250,22950,25101.58,23136.38,21354.29,25.43,11.44
2026-06-04 04:48,22450,23350,22450,23350,24604.64,22954.2,21718.82,31.58,19.95
2026-06-04 09:36,23350,23850,23350,23450,24055.15,22846.3,21915.91,35.54,32.79
2026-06-04 14:24,23450,23450,22550,22550,23629.27,22779.42,21911.24,32.51,41.1
2026-06-04 19:12,22550,22550,21650,21650,23494.74,22727.16,21745.26,27.67,27.22
2026-06-05 00:00,21650,21750,21250,21750,23588.5,22648.43,21598.63,25.87,22.08
2026-06-05 14:24,22700,22700,21780,21780,23659.34,22535.04,21566.82,24.97,16.72
2026-06-06 04:48,21780,21780,20860,20860,23650.43,22394.6,21096.15,21.44,10.78
2026-06-06 19:12,20860,20860,19940,19940,23732.33,22230.34,20357.35,17.64,6.54
2026-06-07 09:36,19940,19940,19250,19480,23953.84,22019.05,19624.51,15.12,5.43
2026-06-08 00:00,19480,20400,19480,20400,24088.35,21793.06,19368.12,17.62,9.62
2026-06-08 04:48,19320,19614,19250,19614,23902.2,21504.41,18972.38,16.01,10.27
2026-06-08 09:36,19614,20048,19614,20048,23562.43,21197.84,18918.84,16.58,10.9
2026-06-08 14:24,20048,20482,20048,20482,23066.27,20939.52,18933.26,21.7,14.75
2026-06-08 19:12,20482,20916,20482,20916,22532.41,20763.34,18926.02,28.87,22.75
2026-06-09 00:00,20916,21200,20916,21050,22141.85,20630.11,19053.58,33.72,30.19
2026-06-09 04:48,20450,20450,19586,19586,21862.38,20453.65,19333.92,28.03,25.99
2026-06-09 09:36,19586,19858,19290,19858,21407.16,20311.5,19440.15,26.75,23.66
2026-06-09 14:24,19858,20722,19858,20722,21097.35,20266.72,19433.89,34.28,40.86
2026-06-09 19:12,20722,21586,20722,21586,21369.52,20331.67,19519.65,45.07,67.53
2026-06-10 00:00,21586,21600,20750,20750,21385,20376.27,19412.43,43.64,70.49
2026-06-10 04:48,20150,20150,19278,19278,21412.6,20384.31,19298.9,34.87,50.09
2026-06-10 09:36,19278,20134,19270,20134,21394.07,20395.01,19311.09,35.87,41.34
2026-06-10 14:24,20134,21006,20134,21006,21445.48,20427.09,19323.37,43.9,49.71
2026-06-10 19:12,21006,21600,21006,21322,21550.31,20464.74,19317.03,49.74,64.55
2026-06-11 00:00,21322,21322,20450,20450,21516.67,20460.66,19266.07,46.35,65.24
2026-06-11 04:48,19970,20326,19270,20326,21513.04,20496.1,19419.52,44.01,60.86
2026-06-11 09:36,20326,22082,20326,22082,21901.62,20617.35,19510.86,55.86,75.91
2026-06-11 14:24,22082,23838,22082,23838,23040.52,20821.73,19500.08,67.88,86.21
2026-06-11 19:12,23838,24600,23606,23606,23653.34,21020.83,19165.55,71.55,86.37
2026-06-12 00:00,23606,23606,21850,21850,23984.04,21179.89,19095.47,63.35,79.45
2026-06-12 14:24,23850,24600,23850,24140,24634.48,21490.05,19404.82,69.7,81.08
2026-06-13 04:48,24140,24140,22930,22930,24681.38,21782.34,19382.19,67.63,79.05
2026-06-13 19:12,22930,22930,21720,21720,24789.82,21975.44,19713.77,58.87,70.93
2026-06-14 09:36,21720,21720,21100,21690,24780.22,22104.46,19962.38,54.81,63.21
2026-06-15 00:00,21690,22900,21690,22900,24551.81,22292.99,20151.73,58.8,63.96
2026-06-15 04:48,24550,24550,22550,22550,24072.52,22498.68,20621.06,59.02,63.54
2026-06-15 09:36,22550,24050,22300,24050,24182.54,22701.25,21211.68,65.72,69.3
2026-06-15 14:24,24050,26050,24050,26050,25252,22913.73,21465.79,74.2,79.04
2026-06-15 19:12,26050,28050,26050,28050,26947.75,23231.57,21058.62,80.75,87.14
2026-06-16 00:00,28050,28750,27450,27450,27870.1,23653.88,20553.82,82.5,87.08
[/updown_bb / WAVE_S]
[updown_bb / WAVE_M]
datetime,open,high,low,close,upbb_u,upbb_m,upbb_l,rsi,stoch
2026-04-24 00,33383.333,33383.333,31900,32800,35901.76,33024.1,30333,71.79,73.01
2026-04-25 00,33200,33200,31550,31900,35911.19,33140.57,30738.44,64.31,63.06
2026-04-26 00,31900,33900,31900,33900,35738.57,33330.34,31167.55,67.38,59.74
2026-04-27 00,33900,34550,33200,33200,35699.44,33397.09,31676.83,66.48,55.05
2026-04-27 08,33450,34283.333,31550,34283.333,35652.12,33516.75,31790.44,69.12,57.45
2026-04-27 16,34283.333,38916.667,34283.333,38916.667,37511.32,33870,32030.48,78.77,75.21
2026-04-28 00,38916.667,40350,37150,37150,37910.92,34110.85,31889.91,79.9,73.93
2026-04-28 08,33850,35100,32300,35100,38314.16,34324.7,31861.94,72.28,67.7
2026-04-28 16,35100,39450,35100,39450,39513.02,34607.86,31839.56,78.12,78.66
2026-04-29 00,39450,40350,36900,36900,39811,34918.08,31407.87,74.96,76
2026-04-29 08,37200,37350,36533.333,36533.333,40116.68,35252.38,31708.21,71.95,72.63
2026-04-29 16,36533.333,36533.333,35566.667,35566.667,40220.26,35597.16,32600.09,66.03,66.82
2026-04-30 00,35566.667,35566.667,34800,35000,39961.08,35832.68,32868.04,60.63,59.81
2026-05-01 08,36450,36450,33916.667,33916.667,39571.45,35998.15,33167.07,53.72,50.61
2026-05-02 16,33916.667,33916.667,31383.333,31383.333,39065.16,35964.02,32121.32,42.88,27.63
2026-05-04 00,31383.333,32150,30500,32150,39132.03,35653.03,31672.95,40.17,20.07
2026-05-04 16,35000,35350,32700,32700,39407.97,35299.61,31221.79,39.86,15.91
2026-05-05 08,32700,32700,29700,29700,39483.56,34871.59,29756.01,32.31,9.65
2026-05-06 00,29700,32200,29450,32200,38665.35,34314.96,29393.81,36.01,12.96
2026-05-06 08,32150,32150,29450,31700,38292.45,33779.5,29359.3,35.51,17.02
2026-05-06 16,31700,36650,31700,36650,37944.16,33488.81,29476.13,53.01,34.77
2026-05-07 00,36650,37400,33200,33200,37179.51,33208.5,29789.41,49.82,43.37
2026-05-07 08,36200,37400,35516.667,35516.667,36811.07,33069.17,30091.8,55.39,54.4
2026-05-07 16,35516.667,35516.667,32433.333,32433.333,36416.93,32914.99,30217.81,48.9,53.93
2026-05-08 00,32433.333,32850,31100,32850,36117.34,32891.2,30316.45,47.25,51.72
2026-05-09 00,32000,32000,31100,31733.333,36099.08,32850.45,30237.3,43.1,45.53
2026-05-10 00,31733.333,33266.667,31733.333,33266.667,36114.65,32850.33,30229.14,46.03,45.26
2026-05-11 00,33266.667,33450,32100,32100,36140.48,32954.14,31146,43.43,42.17
2026-05-11 08,32200,33450,31983.333,31983.333,36058.35,32995.34,31188.43,41.75,38.72
2026-05-11 16,31983.333,31983.333,29266.667,29266.667,36010.43,32910.64,30110.04,33.57,21.52
2026-05-12 00,29266.667,30150,28350,30150,35252.88,32580.13,29664.83,32.06,17.95
2026-05-12 08,32100,32150,30716.667,30716.667,35377.9,32302.44,29437.8,32.85,16.67
2026-05-12 16,30716.667,30716.667,29233.333,29233.333,34623.48,31872.3,28837.85,29.2,11.24
2026-05-13 00,29233.333,29233.333,28350,28950,34117,31487.36,28225.91,26.83,9.77
2026-05-13 08,28900,29600,28500,29600,33856.58,31128.94,28009.89,27.07,12.86
2026-05-13 16,29600,31100,29600,31100,33366.97,30900.16,27781.79,35.95,21.55
2026-05-14 00,31100,32600,31100,32600,32953.18,30734.81,27860.27,46.75,36.62
2026-05-14 08,29650,32866.667,29650,32866.667,33083.97,30671.03,28216.44,52.55,51.21
2026-05-14 16,32866.667,33200,30316.667,30316.667,32888.71,30552.23,28433.17,45.78,54.18
2026-05-15 00,30316.667,30316.667,27800,28500,32581.08,30451.12,28170.66,37.75,41.92
2026-05-16 00,33100,33200,30000,30000,32565.14,30387.82,28135.16,38.63,36.99
2026-05-17 00,30000,30000,26700,26700,32555.02,30171.4,27130.06,30.5,22.49
2026-05-18 00,26700,29300,26350,29300,32763.97,30063.71,27131.57,34.9,26.44
2026-05-18 08,26950,28316.667,26350,28316.667,32833.45,29976.46,26972.19,33.4,28.58
2026-05-18 16,28316.667,30250,28316.667,29616.667,32833.65,29930.83,26823.98,38.15,33.64
2026-05-19 00,29616.667,29616.667,27050,27050,32745.94,29724.53,26258.14,32.52,27.44
2026-05-19 08,28850,30250,28850,29283.333,32128.21,29472.88,26060.63,38.24,29.27
2026-05-19 16,29283.333,29283.333,26916.667,26916.667,31043.24,29075.16,25811.55,33.45,22.67
2026-05-20 00,26916.667,26916.667,25600,26650,31007.21,28703.6,26100.92,30.68,17.79
2026-05-20 08,26700,26983.333,25600,26983.333,30553.71,28435.12,25884.38,29.95,17.31
2026-05-20 16,26983.333,29466.667,26983.333,29466.667,30308.08,28259.41,26027.83,41.21,29.11
2026-05-21 00,29466.667,30150,28350,28350,29959.62,28229.03,26179.14,41.14,38.83
2026-05-21 08,28850,30150,28850,29450,30068.73,28207.49,26386.95,46.49,52.77
2026-05-21 16,29450,29450,27450,27450,30040.59,28150.28,26376.42,41.37,51.47
2026-05-22 00,27450,28550,27000,28550,29820.8,28069.84,26415.43,43.59,53.48
2026-05-23 08,29850,32350,29850,31850,30936.65,28242.12,26485.27,57.58,69.21
2026-05-24 16,31850,31850,28850,28850,30873.5,28305.76,26088.08,52.53,66.96
2026-05-26 00,28850,29450,27650,29450,30962.54,28454.75,26199.33,52.85,66.23
2026-05-26 08,29800,32350,29800,32083.333,31874.97,28777.19,26531.32,61.84,76.74
2026-05-26 16,32083.333,32083.333,29266.667,29266.667,31760.86,29049.11,26676.08,55.54,72.02
2026-05-27 00,29266.667,29266.667,26600,26750,31845.68,29077.87,26629.21,44.5,49.91
2026-05-27 08,29450,29500,27533.333,27533.333,31816.84,29071.95,26532.14,42.16,34.63
2026-05-27 16,27533.333,27533.333,25516.667,25516.667,31847.02,28902.79,25732.67,35.61,19.77
2026-05-28 00,25516.667,25516.667,24475,25450,32047.02,28733.87,25162.24,32.49,14.99
2026-05-28 08,26750,27450,26350,26350,32282.92,28548.66,24768.25,32.89,12.93
2026-05-28 16,26350,26350,24550,24550,31699.9,28122.9,23890.74,28.79,8.01
2026-05-29 00,24550,26200,24475,26200,31839.65,27782.39,23736.46,32.22,10.78
2026-05-30 00,26500,27250,26500,26683.333,31614.42,27471.49,23588.79,36.01,14.72
2026-05-31 00,26683.333,26683.333,25366.667,25366.667,30153.21,26996.63,23481.08,33.33,13.38
2026-06-01 00,25366.667,25366.667,24150,24250,29654.18,26514.78,24050.78,29.31,8.73
2026-06-01 08,25050,25200,23800,23800,28607.71,26118.06,23563.09,26.51,5.59
2026-06-01 16,23800,23800,22250,22250,28113.12,25657.26,22822.73,22.33,3.61
2026-06-02 00,22250,22800,21750,22800,27769.88,25279.99,22264.72,21.26,7.2
2026-06-02 16,23650,23850,22883.333,22883.333,27757.71,24950.54,21937.01,20.7,7.49
2026-06-03 08,22883.333,22883.333,21750,21783.333,27618.23,24558.27,21360.85,18.5,5.55
2026-06-04 00,21783.333,22950,21783.333,22950,27410.63,24269.36,21127.1,21.76,9.13
2026-06-04 08,22450,23850,22450,23750,27178.87,23994.43,21147.64,28.48,15.45
2026-06-04 16,23750,23750,22250,22250,26596.55,23640.48,21418.42,25.92,14.13
2026-06-05 00,22250,22250,21250,21750,25842.41,23285.35,21443.24,23.63,12.72
2026-06-06 00,22700,22700,21166.667,21166.667,25062.41,22953.06,21153.34,21.32,9.66
2026-06-07 00,21166.667,21166.667,19633.333,19633.333,24454.7,22582.92,20253.52,17.62,6.85
2026-06-08 00,19633.333,20400,19250,20400,24139.37,22297.35,19818.25,17.09,11.3
2026-06-08 08,19320,19903.333,19250,19903.333,24059.11,22007.15,19315.4,15.93,12.91
2026-06-08 16,19903.333,20626.667,19903.333,20626.667,24005.43,21745.15,19118,18.46,16.17
2026-06-09 00,20626.667,21200,20626.667,21050,23745.15,21566.08,18928.51,22.99,20.9
2026-06-09 08,20450,20450,19290,19570,23607.57,21311.65,18670.38,20.16,16.2
2026-06-09 16,19570,21010,19570,21010,22872.06,21050.79,18691.02,27.06,19.37
2026-06-10 00,21010,21600,20750,20750,22642.56,20841.43,19228.63,28.14,24.03
2026-06-10 08,20150,20150,19270,19843.333,22064.33,20639.41,19376.27,25.5,21.05
2026-06-10 16,19843.333,21296.667,19843.333,21296.667,21573.14,20533.11,19572.76,34.18,32.14
2026-06-11 00,21296.667,21600,20450,20450,21176.44,20505.83,19610.61,32.78,42.44
2026-06-11 08,19970,21496.667,19270,21496.667,21162.96,20534.67,19412.18,40.01,60.7
2026-06-11 16,21496.667,24423.333,21496.667,24423.333,23076,20749.11,19466.36,58.46,77.01
2026-06-12 00,24423.333,24600,21850,21850,23201.76,20912.65,19086.88,53.95,70.8
2026-06-13 00,23850,24600,23333.333,23333.333,23744.68,21105.85,19028.15,59,70.62
2026-06-14 00,23333.333,23333.333,21316.667,21316.667,23999.27,21291.47,19365.72,51.7,63.21
2026-06-15 00,21316.667,22900,21100,22900,24078.27,21481.61,19388.62,55.83,64.41
2026-06-15 08,24550,24550,22300,23383.333,24406.78,21708.25,19519.87,59.67,70.03
2026-06-15 16,23383.333,26716.667,23383.333,26716.667,25921.03,22143.46,19967.8,71.02,79.81
2026-06-16 00,26716.667,28750,26716.667,27450,27281.92,22652.18,20009.27,76.24,83.35
[/updown_bb / WAVE_M]
[updown_bb / WAVE_L]
datetime,open,high,low,close,volume,upbb_u,upbb_m,upbb_l,rsi,stoch
2026-01-16,3960,4770,3895,4500,21682708,4278.17,3836.15,3655.65,85.69,76.91
2026-01-19,4015,4770,3955,4510,11464354,4465.71,3888.82,3558.49,88.83,77.21
2026-01-20,4750,5370,4320,5020,31512410,4835.08,3970.46,3481.41,92.7,78.15
2026-01-21,4455,5370,4320,4765,8778597,4999.29,4060.81,3380.15,93.14,74.91
2026-01-22,4880,4995,4645,4970,8629469,5190.43,4169.73,3382.61,94.13,77.8
2026-01-23,4945,5760,4745,5170,17861252,5381.1,4292.06,3388.09,95.11,77.43
2026-01-26,5050,5760,4765,4820,7125405,5424.62,4403.71,3434.16,88.35,71.69
2026-01-27,5100,5170,4765,4805,6564699,5421.3,4511.55,3555.08,85.14,67.78
2026-01-28,5130,5340,4785,5190,11136862,5459.06,4628.45,3726.34,87.6,69.87
2026-01-29,4855,5340,4845,5150,4209289,5375.2,4746.63,3918.27,88.43,72.05
2026-01-30,5160,5210,4860,4970,5537079,5362.11,4833.6,4182.97,83.66,71.18
2026-02-02,5100,5100,4760,4855,5766672,5279.49,4899.01,4395.83,76.57,66.18
2026-02-03,4825,5170,4760,5120,4573775,5280.81,4941.51,4588.28,78.81,65.18
2026-02-04,5000,5720,4805,5590,15411599,5463.07,5003.91,4671.95,84.01,72.38
2026-02-05,5310,5720,5240,5430,5068842,5543.5,5058.72,4705.53,84.9,75.4
2026-02-06,5500,5650,5110,5520,6166128,5638.59,5104.75,4714.17,86.09,78.37
2026-02-09,5300,5890,5110,5770,9556343,5784.74,5172.9,4693.04,88.22,81.7
2026-02-10,5530,7430,5460,7060,51272010,6532.01,5310.26,4708.92,93.18,83.61
2026-02-11,6330,7620,6210,7480,22634399,7187.45,5484.59,4551.36,95.04,87.21
2026-02-12,7480,8040,7140,7700,33121669,7745.17,5691.25,4346.9,95.93,88.58
2026-02-13,7470,8040,7070,7300,19731604,8028.64,5906.61,4234.77,96.02,86.06
2026-02-19,7540,7950,7070,7930,21729464,8413.98,6161.66,4320.93,96.64,88.67
2026-02-20,7350,8260,7260,7800,19986146,8591.62,6420.21,4398.02,96.83,88.75
2026-02-23,7860,8260,7380,7500,15785513,8685.01,6647.6,4625.39,93.62,85.76
2026-02-24,7900,8450,7380,8110,27374977,8789.23,6894.77,4901.66,94.46,86.06
2026-02-25,7480,9120,7450,8750,41984242,8929.13,7176.11,5253.48,95.53,87.3
2026-02-26,8270,10850,8200,10050,77399247,9475.59,7521.92,5676.82,96.84,86.95
2026-02-27,8980,10850,8750,10140,17508679,10068.66,7847.59,6055.44,97.34,86.35
2026-03-03,10050,10350,8900,8900,18441571,10178.95,8091.06,6222.31,87.51,80.39
2026-03-04,9940,10000,7300,7550,19864708,10329.67,8223.83,6482.74,68.63,66.22
2026-03-05,8200,9180,7300,8540,16756234,10251.22,8360.93,6680.92,69.47,59.1
2026-03-06,8600,9180,8160,8770,11357317,10263.63,8477.87,6932.08,70.76,56
2026-03-09,8540,9100,7950,8810,10560645,10217.86,8590.13,7113.52,71.52,54.33
2026-03-10,8180,9790,7950,9470,16484612,10140.81,8741.48,7307.99,74.93,58.33
2026-03-11,9380,10440,8990,9950,18985706,10234.37,8905.83,7579.13,78.28,66.42
2026-03-12,9790,10910,9570,10460,23886371,10536.86,9071.45,7781.89,81.39,74.05
2026-03-13,9950,13550,9750,12320,85920735,11563.28,9263.35,7825.36,86.64,76.91
2026-03-16,10310,13550,10140,11980,25547663,12141.74,9449.74,7494.51,88.07,76.58
2026-03-17,12700,12910,11910,12110,15508959,12705.16,9695.39,7211.03,89.02,78.49
2026-03-18,12230,15350,12030,14870,112090190,14255.43,10154.57,7471.42,92.29,83.13
2026-03-19,12320,17250,12310,16170,77367679,15793.01,10736.99,7282.84,94.1,85.38
2026-03-20,14560,19430,14440,19110,96685709,18128.07,11509.8,7134.37,95.8,89.14
2026-03-23,16860,19750,16840,17060,37468622,18959.25,12292.04,6803.75,95.9,86.86
2026-03-24,19730,19750,15430,16400,60843341,19390.24,13029.07,7099.14,93.94,82.22
2026-03-25,18190,19370,15430,16410,37021924,19585.63,13726.98,7771.93,93.78,78.47
2026-03-26,16980,17500,15560,15900,18558692,19516.47,14360.34,8740.8,89.78,75.03
2026-03-27,16400,17590,15480,17260,54365132,19494.99,14938,9768.53,90.79,75.45
2026-03-30,15490,17590,15480,17340,30371328,19198.67,15503.66,10743.58,91.33,75.92
2026-03-31,16560,17650,15510,15550,18352582,18351.38,15974.58,11945.71,79.5,71.11
2026-04-01,17530,19880,15510,19430,79789445,18973.5,16446.38,13484.49,84.41,77.37
2026-04-02,16880,19880,16000,16440,51122389,18912.61,16722.91,14626.23,75.41,72.14
2026-04-03,19650,19740,16000,16810,32764212,18502.55,16784.46,15483.24,73.72,61.16
2026-04-06,17250,18040,16610,17310,30234480,18532.32,16845.3,15537.55,74.53,55.86
2026-04-07,17030,18600,16940,17350,35131466,18612.02,16927.07,15587.69,75,53.01
2026-04-08,17850,22550,16940,22550,90652757,20919.35,17246.71,15678.11,83.99,68.37
2026-04-09,18780,24400,18660,23350,98550901,22657.09,17742.6,15394.19,87.31,76.94
2026-04-10,21500,26100,20850,24300,58615087,24279.21,18315.03,14688.82,89.32,80.33
2026-04-13,25650,26100,23150,23750,31603945,25331.87,18905.77,14091.42,89.97,80.47
2026-04-14,23350,25000,22750,23500,30363441,26073.52,19580.71,14317.86,90.24,81.38
2026-04-15,24900,29450,22750,28500,90657421,28460.24,20351.82,14724.28,92.9,84.7
2026-04-16,24000,29450,24000,28600,45646250,29990.72,21314.01,14545.07,93.89,87.64
2026-04-17,28950,29400,26650,28700,28742945,31007.88,22364.87,14820.02,94.4,89.9
2026-04-20,28600,29400,27100,28100,17633319,31217.28,23419.06,15480.79,94.53,90.35
2026-04-21,28300,34650,27650,32850,94558241,32344.39,24691.6,16803.85,95.81,90.31
2026-04-22,28950,34650,28850,32550,25850868,33716.7,25832.24,18404.1,96.26,89.5
2026-04-23,31850,36200,30500,33250,38508390,34930.01,26910.12,19481.21,96.61,87.36
2026-04-24,34250,36200,31900,32800,16171273,35686.67,27893.48,20417.45,96.73,84.12
2026-04-27,33200,34550,31550,33200,22612731,35986.33,28869.84,21414.35,96.88,83.44
2026-04-28,33450,40350,31550,37150,81046981,36858.84,30026.71,22744.12,97.52,83.24
2026-04-29,33850,40350,32300,36900,14294409,38074.52,31037.29,24324.99,97.76,82.21
2026-04-30,37200,37350,34800,35000,11755161,38338.79,31886.96,25316.87,94.13,79.4
2026-05-04,36450,36450,30500,32150,27071233,38349.65,32520.67,26607.23,80.35,71.65
2026-05-06,35000,35350,29450,32200,22768867,37297.16,33069.28,27896.24,74.6,63.79
2026-05-07,32150,37400,29450,33200,22703197,37233.86,33398.67,29598.69,74.84,58.15
2026-05-08,36200,37400,31100,32850,6770847,37132.84,33606.9,30488.4,73.27,51.34
2026-05-11,32000,33450,31100,32100,7527901,37116.44,33679.04,30893.07,68.89,40.96
2026-05-12,32200,33450,28350,30150,10316768,37107.77,33607,30290.28,58.98,30.94
2026-05-13,32100,32150,28350,28950,6533006,37320.88,33381.69,29204.17,50.73,22.43
2026-05-14,28900,32600,28500,32600,15916665,36858.11,33059.71,29183.61,56.82,24.58
2026-05-15,29650,33200,27800,28500,14557771,35843.58,32507.96,28163.86,48.01,21.19
2026-05-18,33100,33200,26350,29300,13905121,35491.09,31957.47,28079.43,46.15,22.24
2026-05-19,26950,30250,26350,27050,7849481,34694.84,31425.89,26868.55,39.74,18.78
2026-05-20,28850,30250,25600,26650,8708172,34481.09,30878.76,25833.62,35.99,15.7
2026-05-21,26700,30150,25600,28350,16454434,34356.66,30354.56,25679.78,38.42,16.86
2026-05-22,28850,30150,27000,28550,9472041,33856.32,29866.34,25734.56,40.06,20.08
2026-05-26,29850,32350,27650,29450,18167764,32989.07,29471.63,25868.31,44.15,25.7
2026-05-27,29800,32350,26600,26750,11387189,32365.54,29092.37,25869.04,38.45,24.35
2026-05-28,29450,29500,24475,25450,10053333,31743.83,28721.82,25005.49,33.26,19.21
2026-05-29,26750,27450,24475,26200,15513424,31515.07,28227.34,25537.33,32.3,18.13
2026-06-01,26500,27250,24150,24250,10073054,30585.73,27769.12,24478.35,27.92,13.79
2026-06-02,25050,25200,21750,22800,11153842,30232.53,27225.91,23262.31,23.78,12.46
2026-06-04,23650,23850,21750,22950,7353762,30004.79,26747.44,22300.33,22.05,12.14
2026-06-05,22450,23850,21250,21750,5183067,30000.65,26263.39,21097.06,19.58,10.29
2026-06-08,22700,22700,19250,20400,6750004,30119.69,25641.24,19794.51,16.98,9.63
2026-06-09,19320,21200,19250,21050,7740230,29927.67,24969.9,19071.42,16.32,10.62
2026-06-10,20450,21600,19290,20750,5548814,28995.3,24216.18,18643.17,15.57,11.08
2026-06-11,20150,21600,19270,20450,4768874,28683.31,23525.45,18843.07,14.8,11.3
2026-06-12,19970,24600,19270,21850,16686775,27594.1,22982.74,18707.99,20.44,15.12
2026-06-15,23850,24600,21100,22900,11338263,26617.55,22527.1,19315.11,28.52,21.63
2026-06-16,24550,28750,22300,27450,48167340,26703.78,22409.46,19758.14,49.04,43.11
[/updown_bb / WAVE_L]
[slope_bb / WAVE_S]
slope_u,slope_m,slope_l
33643.74,30701.99,28606.36
33358.05,30750.89,28885.95
33186.12,30630.57,28511.23
33164.07,30381.41,28120.12
32931.64,30110.46,27801.33
32858.21,29777.38,27417.82
32267.15,29418.69,27334.65
32379.02,29187.8,27872.05
32099.74,29036.24,27722.57
31797,28881.84,27508.57
31313.96,28744.24,27550.89
31039.8,28641.77,27562.35
30673.49,28583.2,27640.89
30512.15,28486.59,27280.71
30524.16,28314.15,27149.16
30660.03,28163.94,26753.8
30689.01,28021.19,26488.3
30612.73,27890.8,26210.27
31155.71,27874.73,26159.88
31210.46,27918.62,25989.91
31112.88,27929.56,25938.76
31197.31,27945.51,25849.97
31089.18,27974.35,25966.47
30889.9,28051.24,26414.83
30732.41,28176.16,26647.57
31864.03,28496.04,26993.3
32533,28830.92,27068.85
32729.03,29032.47,27509.42
32536.91,29051.12,27758.18
32317.45,29123.64,27911.48
32935.73,29232.35,27815.13
33530.42,29403.92,27451.42
33665.48,29584.9,27667.03
33341.59,29719.05,28214.21
32661.9,29714.79,27926.48
32583.72,29572.47,27947.45
32350.46,29320.15,27667.74
32191.69,29032.84,27046.62
32148.87,28748.5,26168.79
32357.03,28413.14,25673.35
32012.25,28031.33,25095.38
31350.3,27574.64,25082.38
30467.97,27105.93,25170.55
29522.98,26712.54,25167.31
28883.66,26465.52,24977
28643.34,26266.49,25212.37
28169.54,26115.41,25384.99
27622,26011.04,25415.85
27338.04,25952.24,25432.72
27292.11,25860.06,25122.79
27196.84,25689.05,24890.37
27167.13,25485.77,24425.33
27167.19,25271.26,23722.4
27291.65,25009.46,22917.66
27419.18,24716.2,22560.24
27131.7,24384.85,22145.9
26811.05,24036.4,22142.46
26210.51,23681.1,22053.16
25596.89,23369.3,22071.62
25087.77,23136.38,22034.64
24721.27,22954.2,22307.4
24333.71,22846.3,22347
23954.17,22779.42,22302.79
23740.73,22727.16,22220.18
23720.83,22648.43,22163.65
23825.43,22535.04,22114.19
23735.57,22394.6,21723.13
23697.92,22230.34,21087.16
23787.12,22019.05,20443.05
23919.73,21793.06,20197.46
23755.68,21504.41,19751.58
23505.88,21197.84,19600.67
23131.32,20939.52,19489.52
22717.85,20763.34,19352.04
22422.61,20630.11,19359.77
22116.86,20453.65,19668.78
21581.2,20311.5,19843.92
21324.78,20266.72,19808.19
21754.39,20331.67,19784.34
21874.07,20376.27,19608.3
21784.54,20384.31,19622.93
21691.88,20395.01,19725.31
21841.79,20427.09,19675.06
22081.31,20464.74,19549.41
22081.48,20460.66,19475.3
21964.38,20496.1,19756.45
22465.37,20617.35,19842.93
23950.16,20821.73,19667.39
24861.55,21020.83,19143.7
25194.03,21179.89,19140.54
25865.22,21490.05,19449.84
25834.74,21782.34,19485.11
25718.2,21975.44,19997.06
25436.4,22104.46,20427.5
25140.81,22292.99,20663.79
24822.62,22498.68,21062.56
24893.51,22701.25,21761.91
26230.26,22913.73,21903.69
28375.17,23231.57,21263.1
29620.9,23653.88,20558.14
[/slope_bb / WAVE_S]
[slope_bb / WAVE_M]
slope_u,slope_m,slope_l
37798.45,33024.1,30873.23
37457.17,33140.57,31498.91
37065.54,33330.34,32067.05
37053.16,33397.09,32481.74
36928.47,33516.75,32675.17
39210.21,33870,32812.98
40172.31,34110.85,32347.53
40282.36,34324.7,32631.41
41778.3,34607.86,32574.1
42481.12,34918.08,31935.52
42540.53,35252.38,32324.93
42294.42,35597.16,33331.96
41625.86,35832.68,33714.06
41000.38,35998.15,34122.28
40042.18,35964.02,33377.58
39689.66,35653.03,33199.9
40112.19,35299.61,32641.44
39956.18,34871.59,31347.36
38950.31,34314.96,31168.61
38708.31,33779.5,31110
38805.87,33488.81,31117.36
38664.83,33208.5,31159.42
38465.36,33069.17,31325.56
37942.07,32914.99,31553.14
37251.06,32891.2,31887.75
36952.46,32850.45,31875.56
36895.09,32850.33,31790.48
36974.6,32954.14,32572.49
36854.88,32995.34,32527.04
36703.99,32910.64,31482.76
35675.56,32580.13,31206.51
35927.67,32302.44,30816.67
35034.81,31872.3,30236.49
34307.37,31487.36,29677.57
33972.37,31128.94,29428.31
33639.58,30900.16,29016.13
33529.53,30734.81,28815.04
33895.85,30671.03,29094.25
34041.46,30552.23,29155.94
33547.76,30451.12,29129.87
33641.42,30387.82,29131.71
33326.25,30171.4,28468.39
33300.97,30063.71,28776.56
33373.89,29976.46,28649.32
33637.09,29930.83,28284.81
33700.81,29724.53,27595.47
33109.73,29472.88,27295.12
31971.12,29075.16,27038.37
31649.68,28703.6,27506.98
31028.51,28435.12,27335.98
30922.12,28259.41,27375.29
30848.52,28229.03,27278.93
31054.98,28207.49,27347.7
31037.34,28150.28,27300.65
30664.13,28069.84,27425.03
32121.83,28242.12,27263.41
32245.52,28305.76,26776.28
32101.34,28454.75,27090.63
33168.46,28777.19,27371.04
33187.24,29049.11,27468.89
32971.42,29077.87,27719.41
32753.53,29071.95,27776.23
32462.94,28902.79,27184.76
32299.23,28733.87,26792.5
32537.31,28548.66,26285.8
31879.96,28122.9,25368.86
31959.05,27782.39,25229.72
31960.91,27471.49,24827.2
30554.25,26996.63,24601.6
29924.92,26514.78,25243.7
28787.37,26118.06,24768.58
28130.83,25657.26,24113.36
27628.81,25279.99,23624.65
27709.13,24950.54,23171.41
27533.44,24558.27,22566.46
27325.11,24269.36,22305.78
27300.63,23994.43,22178.8
26908.53,23640.48,22334.91
26060.78,23285.35,22419.55
25268.92,22953.06,22141.62
24504.34,22582.92,21353.89
24056.33,22297.35,21012.1
23950.12,22007.15,20470.07
24016.23,21745.15,20128
23923.71,21566.08,19742.44
23820.27,21311.65,19433.25
23130.51,21050.79,19436.79
23086.35,20841.43,19833.95
22459.28,20639.41,20003.67
22017.33,20533.11,20181.67
21750.32,20505.83,20113.82
21763.14,20534.67,19977.85
24106.34,20749.11,19892.09
24577.39,20912.65,19390.74
25183.37,21105.85,19332.41
25307.47,21291.47,19820.62
25196.46,21481.61,20013.13
25657.38,21708.25,20102.34
27377.79,22143.46,20576.82
29251.13,22652.18,20346.23
[/slope_bb / WAVE_M]
[slope_bb / WAVE_L]
slope_u,slope_m,slope_l
4502,3836.15,3708.99
4790.68,3888.82,3600.23
5333.67,3970.46,3492.62
5585.31,4060.81,3406.52
5833.47,4169.73,3400.37
6090.76,4292.06,3409.1
6174.14,4403.71,3465.31
6133.39,4511.55,3605.46
6124.74,4628.45,3801.46
5974.86,4746.63,4018.5
5919.93,4833.6,4291.48
5761.09,4899.01,4530.25
5701.06,4941.51,4750.98
5915.52,5003.91,4835.75
6034.6,5058.72,4839.21
6138.39,5104.75,4839.99
6289.34,5172.9,4832.05
7265.1,5310.26,4830.27
8222.73,5484.59,4605.66
9041.56,5691.25,4322.64
9375.52,5906.61,4207.5
9756.6,6161.66,4312.55
9890.84,6420.21,4411.08
9949.37,6647.6,4645.74
9996.17,6894.77,4949.7
10137.87,7176.11,5336.8
10986.95,7521.92,5730.64
11896.52,7847.59,6064.28
12088.32,8091.06,6216.9
12117.12,8223.83,6629.44
11753.84,8360.93,7029.86
11629.51,8477.87,7360.27
11454.73,8590.13,7594.04
11334.59,8741.48,7823.42
11546.52,8905.83,8025.77
11958.07,9071.45,8155.58
13398.37,9263.35,8137.9
14389.3,9449.74,7731.34
15263.34,9695.39,7301.1
17227.83,10154.57,7539.11
19411.03,10736.99,7326.17
22964.64,11509.8,7059.39
24440.18,12292.04,6600.86
24952.52,13029.07,6911.72
24635,13726.98,7752.66
23839.76,14360.34,8909.32
23227.5,14938,10101.05
22440.75,15503.66,11199.43
21216.03,15974.58,12462.24
21892.76,16446.38,14098.57
21759.53,16722.91,15361.2
21283.48,16784.46,16295.65
20935.41,16845.3,16507.09
20789.25,16927.07,16572.05
23594.93,17246.71,16602.8
26084.43,17742.6,16147.43
28655.05,18315.03,15154.6
30252.08,18905.77,14311.67
30747.72,19580.71,14586.03
33606.71,20351.82,15018.77
35436.73,21314.01,14860.55
36757.36,22364.87,14990.89
36571.98,23419.06,15675.38
37832.91,24691.6,17048.18
39561.49,25832.24,18632.13
41253.04,26910.12,19599.66
42110.98,27893.48,20479.72
41915.8,28869.84,21595.09
42867.94,30026.71,23059.35
44381.18,31037.29,24756.76
44520.15,31886.96,25715.86
43864.33,32520.67,27388.42
41863.08,33069.28,29241.95
41295.7,33398.67,31522.01
41108.28,33606.9,32622.59
40471.4,33679.04,33317.25
40061.55,33607,32870.41
39867.28,33381.69,31864.38
39039,33059.71,31965.68
38049.75,32507.96,30788.45
37859.77,31957.47,30716.93
36625.61,31425.89,29652.13
36404.79,30878.76,28517.99
36241.47,30354.56,28373.08
35891.08,29866.34,28218.2
35204.62,29471.63,28164.38
34672.56,29092.37,28128.96
33850.67,28721.82,27359.26
33208.69,28227.34,28161.29
31985.33,27769.12,27073.3
31287.65,27225.91,25896.53
30719.5,26747.44,24927.31
30530.46,26263.39,23602.12
30548.59,25641.24,22192.02
30116.81,24969.9,21447.91
29305.55,24216.18,20831.69
29135.36,23525.45,20915.24
28526.5,22982.74,20610.41
28128.1,22527.1,20970.8
28806.7,22409.46,21291.96
[/slope_bb / WAVE_L]
[sr_band / WAVE_S]
sr_up,sr_mid,sr_down
32450.01,30649.97,28849.93
32288.66,30526.34,28764.01
32085.45,30400.33,28715.21
31842.09,30119.66,28397.23
31659.79,29959.02,28258.25
31481.34,29726.08,27970.82
31346.39,29508.2,27670
31369.35,29340.2,27311.05
31491.95,29277.73,27063.52
31632.14,29258.34,26884.53
31238.97,29036.91,26834.84
30585.6,28789.52,26993.43
29910.87,28582.07,27253.27
29447.16,28405.61,27364.06
28773.54,27572.81,26372.07
28153,26519.68,24886.36
27666.52,25556.82,23447.11
27898.1,25749.09,23600.08
28517.6,26445.66,24373.73
29280.52,27347.93,25415.35
29860.18,28011.11,26162.04
30194.15,28385.67,26577.18
30254.36,28410.56,26566.76
30164.96,28298.08,26431.2
30026.4,28150.15,26273.91
29909.22,28038.4,26167.58
30310.48,28393.52,26476.57
30962.51,28981.44,27000.36
31132.88,29313.57,27494.25
31181.2,29491.79,27802.38
31161.56,29545.85,27930.14
31121.77,29592.19,28062.6
31069.3,29636.63,28203.97
31182.24,29760.07,28337.91
31231.59,29740.76,28249.94
31310.31,29758.53,28206.75
31295.19,29657.96,28020.74
30939.27,29198.36,27457.45
29934.58,27978.22,26021.87
28774.31,26581.18,24388.06
28283.57,26015.06,23746.56
28793.51,26309.93,23826.35
29826.87,27077.03,24327.19
29840.64,27377.44,24914.24
29083.05,27228.64,25374.22
27963.51,26713.84,25464.17
27005.59,26184.53,25363.47
26406.25,25805.29,25204.34
26242.15,25657.11,25072.07
26312.26,25411.82,24511.38
26462.33,25140.09,23817.84
26604.04,24894.71,23185.38
26710.83,24747.46,22784.09
25932.66,23558.56,21184.47
24766.74,21982.14,19197.54
23640.52,20514.54,17388.57
23741.12,20623.03,17504.94
24592.26,21692.56,18792.86
24949.4,22171.03,19392.65
25551.45,22955.5,20359.54
26180.68,23766.8,21352.91
26695.18,24425.63,22156.07
26980.25,24791.86,22603.47
26350.1,24600.06,22850.02
25161.84,23375.25,21588.66
23925.19,21800.29,19675.4
23073.03,20461.38,17849.74
22088.43,19375.9,16663.37
21271.41,18678.26,16085.11
20688.56,18407.21,16125.85
20407.56,18420.65,16433.74
20341.08,18556.16,16771.24
21040.84,19315.16,17589.47
22031.36,20295.99,18560.62
22964.67,21184.88,19405.08
23578.32,21755.08,19931.83
23266.24,21718.68,20171.12
22380.37,21258.99,20137.62
22016.11,21011.13,20006.15
21576.36,20724.37,19872.37
21168.49,20474.55,19780.61
20937.04,20330.46,19723.89
20912.13,20307.17,19702.21
20912.6,20297.49,19682.38
20997.94,20329.64,19661.35
21104.61,20372.69,19640.76
21696.96,20667.8,19638.64
22470.58,21085.09,19699.61
23202.34,21495.5,19788.67
23670.75,21771.34,19871.94
23883.51,21904.62,19925.73
23848.34,21898.54,19948.74
23712.59,21828.39,19944.2
23727.67,21828,19928.33
23849.76,21880.9,19912.04
24001.01,22185.05,20369.1
24116.13,22574.09,21032.06
24856,23331.09,21806.17
25819.19,24118.66,22418.13
26708.2,24753.88,22799.56
[/sr_band / WAVE_S]
[sr_band / WAVE_M]
sr_up,sr_mid,sr_down
28726.8,25929.52,23132.24
30390.84,27269.13,24147.42
32769.04,29183.67,25598.29
35043.24,31014.48,26985.71
36527.01,32783.99,29040.97
37220.36,34163.97,31107.57
37123.29,34871.69,32620.08
36693.42,35038.35,33383.28
36822.32,35202.81,33583.29
37327.74,35320.46,33313.17
37921.3,35405.24,32889.18
38361.08,35441.62,32522.16
38584.66,35432.06,32279.46
38550.45,35343.07,32135.7
38398.93,35238.56,32078.2
38237.64,35150.73,32063.82
38120.33,35092.08,32063.82
37460.5,34187.14,30913.78
36592.95,32931.56,29270.17
35784.05,31741.24,27698.44
35847.59,31835.31,27823.03
36661.63,32578.02,28494.42
37812.11,33620.36,29428.62
38787.54,34432.45,30077.37
38752.7,34592.95,30433.2
38017.38,34204.04,30390.7
37055.97,33661.04,30266.12
36299.26,33405.46,30511.66
35863.38,33416.85,30970.32
35087.54,33075.46,31063.38
34201.04,32532.97,30864.91
33407.13,31962.11,30517.09
32911.47,31491.42,30071.38
32701.23,30910.45,29119.68
32773.65,30439.26,28104.88
32961.32,30399.02,27836.72
33152.62,30654.77,28156.93
33291.74,31022.88,28754.02
33378.7,31367.22,29355.73
33413.48,31597.02,29780.56
33177.48,31450.84,29724.21
32827.77,30940.49,29053.2
32493.36,30517.9,28542.44
32275.18,30107.76,27940.34
32173.22,29991.33,27809.44
32187.5,29866.85,27546.21
32250.71,29777.47,27304.24
32318,29659.43,27000.86
31774.46,29300.04,26825.61
30958.3,28835.27,26712.23
30160.82,28443.9,26726.97
29635.59,28114.86,26594.13
29388.73,27892.33,26395.94
29423.29,27804.59,26185.9
29482.35,27767.93,26053.52
29604.94,27797.35,25989.76
29635.32,27958.89,26282.46
29619.69,28173.36,26727.02
30251.98,28704.79,27157.6
30608.82,29121.73,27634.65
30585.89,29317.2,28048.5
30735.98,29520.35,28304.72
30586.34,29262.82,27939.3
30204.74,28739.76,27274.78
29808.93,28188.94,26568.94
29035.75,27181.5,25327.24
28112.49,26060.01,24007.53
27884.5,25802.99,23721.49
28692.59,26313.92,23935.26
29939.11,27147.57,24356.03
30134.72,27220.93,24307.14
29519.87,26739.09,23958.32
28482.07,25939.67,23397.27
27030.53,24269.54,21508.55
25687.55,22441.12,19194.7
24843.59,21019.22,17194.85
25002.87,21223.63,17444.4
26706.2,22750.48,18794.76
29028.35,24819.86,20611.36
29170.9,24985.04,20799.18
27709.71,23795.54,19881.36
25577.36,21958.07,18338.78
23733.16,20407.63,17082.09
22557.7,19436.6,16315.5
22299.91,19557.36,16814.82
22534.24,20217.06,17899.87
22272.09,20664.06,19056.04
21684.08,20770.37,19856.66
21035.5,20647.41,20259.32
20609.87,20435.34,20260.81
20438.3,20264.79,20091.28
20544.3,20223.85,19903.41
21346.29,20565.99,19785.68
22389,21059.17,19729.35
23322.78,21522.71,19722.64
23917.44,21825.04,19732.64
24257.75,21994.55,19731.34
24329.24,22023.1,19716.96
26124.88,23204.5,20284.12
28673.09,25244.79,21816.48
[/sr_band / WAVE_M]
[sr_band / WAVE_L]
sr_up,sr_mid,sr_down
4028.61,3851.59,3674.56
4186.81,3944.19,3701.57
4407.67,4102.19,3796.71
4609.92,4261.2,3912.47
4754.66,4384.11,4013.57
4814.61,4443.94,4073.26
4818.55,4457.72,4096.9
4784.54,4436.18,4087.82
4952.42,4464.14,3975.86
5217.29,4521.38,3825.46
5482.72,4584.97,3687.22
5619.42,4608.58,3597.74
5647.08,4601.84,3556.59
5580.67,4570.85,3561.02
5491.84,4677.59,3863.34
5456.9,4871.9,4286.89
5472.86,5079.53,4686.21
5509.88,5228.06,4946.24
5544.8,5305.89,5066.99
5566.17,5309.01,5051.85
5568.76,5274.28,4979.79
5560.66,5231.87,4903.09
5550.44,5198.87,4847.3
5542.66,5177.55,4812.43
5537.8,5168.14,4798.49
5535.85,5165.43,4795
5535.37,5165.18,4795
5535.37,5165.18,4795
5535.37,5165.18,4795
5535.37,5165.18,4795
6665.49,5730.25,4795
8280.63,6537.81,4795
9825.13,7661.5,5497.87
10832.83,8667.61,6502.39
11303.71,9383.35,7462.98
11237.79,9663.75,8089.71
10945.84,9664.21,8382.58
10635.06,9488.32,8341.57
10409.03,9284.52,8160
10267.76,9117.24,7966.71
10211.26,9018.7,7826.14
10197.13,8967.7,7738.28
10197.13,8950.13,7703.13
10197.13,8945.74,7694.35
10197.13,8945.74,7694.35
10197.13,8945.74,7694.35
12329.62,10011.98,7694.35
15377.29,11535.82,7694.35
18291.69,12993.02,7694.35
20193.15,13943.75,7694.35
21081.69,14388.02,7694.35
20957.29,14325.82,7694.35
20406.4,14050.37,7694.35
19819.97,13757.16,7694.35
19393.47,13543.91,7694.35
19126.91,13410.63,7694.35
19020.29,13357.32,7694.35
18993.63,13343.99,7694.35
18993.63,13343.99,7694.35
18993.63,13343.99,7694.35
18993.63,13343.99,7694.35
18993.63,13343.99,7694.35
18993.63,13343.99,7694.35
18993.63,13343.99,7694.35
18993.63,13343.99,7694.35
18993.63,13343.99,7694.35
18993.63,13343.99,7694.35
18993.63,13343.99,7694.35
18993.63,13343.99,7694.35
18993.63,13343.99,7694.35
18993.63,13343.99,7694.35
23738.44,15716.4,7694.35
30519.57,19106.96,7694.35
37004.15,22349.25,7694.35
41234.94,24464.64,7694.35
43211.95,28190.97,13169.99
42594.08,31794.83,20995.59
40880.87,34679.91,28478.96
39109.89,36235.65,33361.4
37856.8,34012.04,30167.28
37121.58,29571.92,22022.27
36904.23,25014.29,13124.35
36933.04,21834.57,6736.11
37026.83,20193.15,3359.47
37095.05,20044.74,2994.42
37137.69,22861.79,8585.89
37154.74,26769.4,16384.05
37159,30360.41,23561.82
35833.88,32024.35,28214.82
33940.05,29916.21,25892.36
32129.05,25734.71,19340.37
30947.48,21527.72,12107.97
30395.34,18655.41,6915.47
30472.64,17321.75,4170.87
30814.96,17344.56,3874.15
31179.37,17990.38,4801.39
31444.4,18707.05,5969.7
31610.04,19234.94,6859.84
31676.29,19546.24,7416.18
31692.86,21092.01,10491.17
[/sr_band / WAVE_L]
[divergence / WAVE_S]
hma20,ema20
30495.908,30601.122
29994.581,30480.001
29446.899,30175.272
28823.472,29817.45
28430.014,29624.957
28087.384,29348.037
27956.223,29186.187
28168.33,29188.153
28489.243,29131.345
28548.991,28934.025
28673.079,28956.733
28784.325,28948.275
28706.469,28815.561
28276.052,28529.304
27708.63,28257.488
27062.025,27956.096
26651.044,27787.773
26713.488,27806.928
27284.215,27972.023
27946.041,28065.304
28646.814,28265.837
29150.257,28412.002
29277.605,28429.236
29000.863,28353.007
28648.275,28340.373
28715.092,28605.526
29211.169,28927.996
29752.201,29106.283
29902.584,29069.035
29800.276,29094.717
29801.136,29305.75
30047.748,29574.779
30307.22,29709.651
30274.534,29644.534
29749.948,29389.328
29049.29,29204.99
28303.972,28959.712
27555.351,28609.844
26740.193,28145.885
26031.521,27729.657
25673.91,27494.694
25585.537,27262.662
25539.382,26965.714
25456.694,26684.232
25441.338,26518.137
25619.839,26493.966
25893.022,26466.908
26086.216,26380.512
26039.304,26214.983
25711.089,25982.221
25234.128,25754.043
24672.698,25468.901
24041.532,25108.075
23350.221,24688.352
22795.39,24351.938
22513.235,24119.163
22427.854,23890.34
22372.845,23626.42
22313.526,23394.728
22312.862,23251.241
22426.653,23188.377
22649.416,23173.533
22826.584,23108.441
22791.9,22957.272
22562.527,22792.457
22245.277,22637.058
21848.93,22422.369
21348.953,22126.697
20770.968,21783.518
20304.284,21522.083
19941.409,21248.8
19742.319,21029.198
19732.085,20884.314
19915.452,20817.211
20206.41,20799.253
20365.678,20685.425
20357.241,20567.118
20316.038,20527.356
20416.394,20593.051
20574.839,20629.146
20576.048,20532.844
20468.086,20462.871
20407.164,20479.281
20484.481,20554.266
20591.238,20576.699
20660.195,20567.783
20842.623,20691.319
21330.073,21000.579
22024.901,21342.225
22565.9,21531.311
23054.252,21834.893
23348.921,22059.631
23318.382,22136.805
23007.326,22145.015
22726.568,22221
22535.926,22287.093
22629.057,22466.341
23183.307,22839.198
24274.844,23424.441
25543.284,24002.771
[/divergence / WAVE_S]
[divergence / WAVE_M]
hma20,ema20
34417.214,32734.144
33978.458,32745.949
33564.231,32854.329
33243.438,32928.995
33206.024,33070.846
33894.359,33605.319
34994.007,34110.384
35880.127,34402.919
36765.318,34946.606
37379.813,35336.647
37602.706,35604.63
37381.488,35721.399
36872.567,35717.012
36082.938,35572.031
34955.731,35171.289
33774.347,34758.425
32835.348,34411.25
31939.501,33870.857
31357.679,33499.233
31086.552,33178.867
31602.876,33310.649
32349.186,33334.86
33297.419,33511.047
33844.819,33486.829
33977.096,33421.964
33598.876,33253.06
33171.546,33179.379
32728.5,33051.702
32384.295,32903.933
31825.063,32537.801
31196.366,32185.205
30645.345,31909.155
30152.254,31562.488
29680.438,31192.656
29352.225,30893.247
29344.487,30768.142
29776.522,30845.628
30550.521,31026.317
31157.65,31030.793
31190.854,30821.393
30842.879,30665.778
30011.434,30272.51
29209.169,30027.611
28586.038,29778.208
28386.589,29653.003
28216.898,29378.307
28244.689,29250.942
28134.934,28998.454
27854.893,28696.073
27455.474,28423.008
27386.235,28383.994
27532.897,28350.372
27933.429,28415.775
28218.142,28355.428
28407.366,28342.649
28825.24,28619.439
29214.674,28745.756
29493.534,28856.007
29920.22,29165.78
30210.36,29301.72
29965.924,29155.225
29346.598,28970.624
28395.701,28615.685
27306.878,28211.857
26417.632,27888.443
25720.831,27473.711
25351.58,27189.225
25337.433,27017.214
25450.147,26797.924
25397.02,26488.292
25106.359,26132.024
24489.355,25659.285
23751.718,25220.459
23107.174,24834.948
22572.975,24412.286
22274.472,24104.305
22304.707,23932.556
22420.847,23709.117
22426.692,23445.623
22232.004,23141.326
21729.778,22720.619
21111.812,22348.91
20520.042,21984.345
20150.2,21710.856
20062.229,21530.62
20052.491,21283.984
20153.296,21150.734
20301.445,21052.428
20359.575,20904.657
20444.405,20869.084
20514.952,20811.909
20663.256,20839.665
21188.206,21139.397
21770.577,21316.889
22356.782,21559.544
22628.273,21645.148
22752.154,21791.936
22823.283,21989.121
23325.846,22462.348
24275.521,23068.5
[/divergence / WAVE_M]
[divergence / WAVE_L]
hma20,ema20
3952.992,3873.303
4112.77,3953.844
4341.578,4076.203
4567.747,4185.586
4770.206,4298.735
4940.194,4420.847
5039.866,4508.564
5060.37,4574.501
5068.738,4657.163
5088.037,4735.883
5099.776,4791.729
5084.632,4824.21
5074.516,4865.6
5126.115,4944.909
5220.381,5019.663
5337.881,5094.382
5474.874,5183.55
5749.362,5376.508
6173.431,5630.3
6690.819,5907.848
7144.199,6142.157
7520.65,6392.845
7775.874,6619.111
7888.558,6793.047
7947.389,6981.178
8075.583,7210.78
8415.02,7543.886
8921.461,7899.832
9339.063,8137.496
9397.919,8200.603
9215.301,8267.314
8958.373,8344.235
8762.327,8419.797
8746.67,8541.518
8955.227,8710.562
9339.588,8926.865
9981.032,9296.866
10726.436,9672.976
11424.41,10034.883
12247.241,10587.891
13290.994,11279.498
14724.185,12213.857
16106.876,13008.108
17095.559,13635.645
17540.394,14147.412
17499.138,14526.759
17287.34,14928.879
17142.246,15309.471
16947.478,15502.78
17089.054,15919.43
17246.492,16144.463
17334.611,16306.184
17335.369,16466.997
17345.254,16614.318
17894.841,17165.665
19077.576,17897.859
20704.969,18727.827
22285.05,19491.774
23479.751,20151.828
24670.255,21125.228
25921.271,22153.191
27147.751,23133.062
28106.68,23969.326
29226.94,25066.305
30410.451,26154.809
31600.224,27212.403
32562.082,28136.742
33265.153,28965.175
34066.522,30006.192
35001.469,31025.306
35734.362,31798.115
35795.46,32176.573
35229.581,32366.035
34398.137,32535.214
33603.616,32644.34
32952.971,32653.188
32289.346,32457.307
31461.599,32090.528
30932.291,31977.876
30395.253,31635.323
29909.824,31296.336
29245.611,30799.514
28462.133,30244.567
27803.31,29846.377
27493.782,29556.717
27602.276,29409.293
27717.787,29113.652
27528.571,28681.068
27097.945,28289.278
26388.292,27784.248
25403.869,27157.8
24369.724,26543.502
23372.305,25882.279
22369.97,25146.043
21524.115,24490.367
20908.873,23893.706
20497.191,23345.028
20401.643,22974.531
20700.705,22791.858
21746.359,23072.467
[/divergence / WAVE_L]
[price_index / WAVE_S]
ap1,ap2
30423.5,30391.67
29869.09,30191.23
28588.7,29577.24
27922.4,28996.65
28505.3,28933.64
27815.03,28582.51
28206.72,28549.97
29041.17,28846.66
28729.89,28840.02
27835.75,28468.23
28934.07,28737.52
28814.74,28798.16
28072.6,28522.48
26986.4,27950.02
26751.27,27563.77
26291.29,27157.72
26774.65,27130
27763.62,27485.61
28734.35,28022.87
28546.17,28195.59
29331.94,28607.29
29263.23,28781.51
28652.86,28633.65
28083.71,28350.13
28355.63,28331.01
30022.48,29000.69
30664.31,29593.31
30174.08,29700.44
29065.8,29328.19
29362.44,29299.23
30489,29753.35
31067.5,30214.77
30561.09,30244.96
29469.62,29843.24
28178.28,29148.22
28245.91,28852.29
27632.83,28446.44
26721.65,27855.97
25669.91,27101.86
25456.82,26602.85
26094.23,26575.43
25890.02,26431.05
25276.86,26078.37
25070.44,25792.81
25466.91,25787.86
26158.66,26042.66
26159.1,26144.43
25816.09,26041.59
25270.71,25761.54
24707.62,25380.35
24488.95,25088.87
23930.34,24688.01
23207.54,24160.85
22505.86,23573.44
22558.76,23271.1
22830.42,23196.36
22629.1,23042.09
22197.05,22762.38
22121.41,22571.7
22405.23,22574.81
22744.99,22700.79
22987.09,22850.77
22701.3,22798.23
22135.47,22536.15
21902.41,22306.34
21784.14,22135.28
21282.86,21826.8
20590.42,21370.29
20009.65,20881.1
20127.57,20665.53
19798.37,20389.38
19834.66,20244.04
20060.43,20241.66
20390.34,20355.45
20636.29,20497.26
20075.46,20323.67
19930.81,20179.45
20274.28,20248.31
20874.5,20524.17
20800.99,20621.2
20071.71,20368.46
20120.16,20273.93
20577.73,20411.17
20980.07,20631.42
20767.21,20648.64
20602.15,20597.07
21406.6,20903.89
22662.01,21574.13
23190.09,22137.94
22671.14,22224.67
23534.21,22666.11
23396,22845.91
22739.93,22691.68
22368.09,22491.94
22747.45,22567.11
22761.12,22612.18
23513.5,22946.43
24873.23,23674.73
26550.16,24741.11
27125.6,25546.19
[/price_index / WAVE_S]
[price_index / WAVE_M]
ap1,ap2
33876.61,33662.89
33030,33284.35
33539.52,33337.1
33393.79,33312.66
33833.32,33490.17
36369.13,34612.17
36812.44,35343.16
36062.8,35441.63
37926.22,36286.5
37600.79,36595.23
37223.7,36651.06
36494.32,36445.01
35769.07,36097.68
34788.09,35569.64
32918.39,34593.04
32310.91,33870.61
32212.31,33444.2
30686.76,32560.67
31103.27,32261.68
31028.71,32025.69
33452.42,32854.85
33038.8,33050.41
34067.59,33545.15
33118.63,33393.8
32878.64,33228.09
32198.05,32864.33
32608.14,32838.25
32225.35,32646.6
31968.9,32437.74
30450.67,31718.53
30094.43,31217.86
30161.71,30974.42
29438.4,30525.96
28949.44,30069.26
29002.49,29818.25
29772.25,29964.41
30926.71,30460.91
31736.88,31000.85
30965.82,30934.93
29670.4,30399.63
29719.71,30181.55
28079.35,29412.45
28542.77,29214.29
28284.29,28973.72
28805.06,29031.5
27770.18,28620.57
28373.65,28648.95
27478.55,28283.21
26896.49,27857.23
26756.38,27565.4
27916.33,27853.28
27963.49,27974.1
28586.74,28263.98
27935.1,28133.76
28191.23,28170.09
30046.48,28907.9
29504.91,29033.37
29562.49,29137.11
30936.51,29746.96
30246.42,29776.53
28625.97,29178.73
28136.68,28733.17
26803.17,27996.91
26039.93,27329.55
26032.38,26977.28
25119.63,26397.01
25454.39,26213.32
25858.39,26239.32
25422.68,26036.85
24664.79,25601.29
24069.17,25120.51
23030.01,24420.24
22751.09,23918.34
22621,23571.12
22027.47,23106.23
22284.34,22943.03
22810.13,23035.6
22357.35,22862.54
21913.4,22573.15
21408.07,22204.96
20427.41,21590.28
20285.38,21200.51
19966.06,20833.1
20141.65,20686.81
20442.04,20698.98
19892.23,20447.54
20319.19,20485.17
20413.73,20520.93
20036.27,20369.6
20558.8,20504.1
20410.91,20497.02
20882.51,20683.26
22624.78,21470.81
22278.56,21709.45
22878.52,22100.24
22210.34,22040.31
22667.87,22224.83
23154.53,22520.51
25039.95,23449.84
26356.19,24469.42
[/price_index / WAVE_M]
[price_index / WAVE_L]
ap1,ap2
4234.62,4000.76
4410.05,4138.78
4755.19,4353.81
4827.63,4493.23
4974.23,4631.15
5155.66,4781.55
5085.99,4835.3
5040.12,4856.22
5206.01,4942.77
5269.9,5016.78
5203.1,5036.62
5098.54,5016.9
5172.37,5044.87
5447.64,5171.06
5511.02,5259.19
5592.07,5340.22
5760.66,5453.72
6489.71,5810.02
7083.51,6230.63
7490.86,6626.23
7537.96,6860.75
7879.68,7143.29
8005.93,7353.07
7923.64,7446.14
8178.6,7618.59
8623.63,7900.16
9495.9,8407.52
10002.23,8880.17
9676.12,9006.38
8822.75,8770.61
8855.3,8704.18
8935.67,8724.96
8961.7,8762.62
9303.04,8927.16
9732.81,9180.66
10224.19,9503.46
11413.82,10147.83
11920.41,10665.69
12279.93,11083.3
13839.58,11949.78
15263.59,12997.17
17433.06,14465.31
17643.38,15323.86
17537.89,15767.15
17521.35,16042.57
17197.2,16122.89
17663.32,16413.87
17905.12,16699.76
17051.1,16564.83
18556.97,17146.11
17794.5,17154.38
17573.53,17119.1
17659.67,17177.45
17685.08,17244.77
20282.83,18338.73
22039.95,19578.32
23503.38,20797.94
24052.57,21667.21
24259.15,22247.36
26868.72,23656.31
28353.03,24975.54
29196.92,26038.86
29359.43,26724.43
31725.5,28141.92
32849.24,29374.38
33826.35,30466.61
34122.65,31223.13
34445.28,31841.84
36550.21,33093.19
37564.28,34173.08
37055.78,34614.45
35200.23,34254.04
34151.12,33808.22
34001.19,33622.83
33577.65,33440.33
32801.1,33128.25
31189.5,32444.6
29581.81,31557.86
30590.27,31542.56
28957.79,30872.16
28552.49,30375.2
27179.4,29557.27
26256.39,28751.11
26623.04,28449.62
26939.08,28350.29
27610.03,28497.25
26555.71,28125.21
25358.98,27467.84
25175.76,27036.71
24088.67,26345.77
22858.37,25457.62
22325.46,24735.65
21448.3,23944.83
20360.04,23034.33
20150.1,22408.61
19901.22,21903.58
19641.66,21463.68
20198.34,21403.16
21053.77,21640.42
23859.83,22800.46
[/price_index / WAVE_L]
[fund_updown_bb / FUND_WAVE_L]
datetime,fund_open,fund_high,fund_low,fund_close,fund_volume,fund_upbb_u,fund_upbb_m,fund_upbb_l
2026-01-16,206.056,687.778,202.674,648.847,21682708,464.62,163.64,96.32
2026-01-19,578.916,808.886,570.265,764.796,11464354,653.04,205.94,9.28
2026-01-20,805.494,1528.936,746.99,1429.285,31512410,1107.41,286.06,-65.83
2026-01-21,1268.419,1528.936,1229.982,1283.204,8778597,1340.87,379.36,-216.13
2026-01-22,1314.174,1338.41,1215.936,1273.593,8629469,1517.56,480.41,-288.15
2026-01-23,1267.187,1667.461,1215.936,1496.662,17861252,1719.92,596.09,-298.8
2026-01-26,1461.924,1667.461,1264.133,1278.724,7125405,1801.31,709.18,-276.75
2026-01-27,1353.007,1371.577,1164.132,1168.998,6564699,1832,816.98,-176.75
2026-01-28,1248.066,1320.627,1164.132,1283.53,11136862,1793.95,925.56,-39.27
2026-01-29,1200.682,1320.627,1090.962,1121.448,4209289,1656.84,1026.72,160.5
2026-01-30,1123.625,1134.513,973.926,995.969,5537079,1563.92,1098.9,423.2
2026-02-02,1022.021,1022.021,892.946,910.767,5766672,1405.06,1147.39,641.13
2026-02-03,905.139,952.976,825.062,879.151,4573775,1415.9,1152.03,828.49
2026-02-04,858.546,1202.717,825.062,1175.382,15411599,1415.21,1153.24,843.51
2026-02-05,1116.508,1202.717,1018.597,1043.581,5068842,1422.67,1145.51,845.28
2026-02-06,1057.034,1085.862,934.704,1009.7,6166128,1335.42,1120.85,831.16
2026-02-09,969.458,1128.144,934.704,1105.16,9556343,1315.38,1100.87,850.63
2026-02-10,1059.191,2940.411,1045.784,2793.984,51272010,2173.93,1162.54,852.69
2026-02-11,2505.087,3228.297,2457.598,3168.984,22634399,2789.8,1276.51,606.03
2026-02-12,3168.984,3984.596,3024.939,3816.093,33121669,3513.9,1454.88,314.48
2026-02-13,3702.106,3984.596,3462.95,3575.606,19731604,3966.99,1662.94,54.1
2026-02-19,3693.16,3922.408,3462.95,3922.408,21729464,4434.85,1908.17,-31.04
2026-02-20,3635.524,4049.374,3591.007,3823.864,19986146,4741.94,2171.36,-10.85
2026-02-23,3853.279,4049.374,3445.41,3501.433,15785513,4880.68,2418.22,122.4
2026-02-24,3688.176,4250.11,3445.41,4079.1,27374977,5021.15,2690.08,365.59
2026-02-25,3762.228,5480.806,3747.139,5258.449,41984242,5347.59,3028.87,730.54
2026-02-26,4969.985,9188.606,4927.918,8511.105,77399247,6960.05,3542.83,1131.45
2026-02-27,7604.947,9188.606,7352.276,7709.626,17508679,7842.58,4036.05,1295.15
2026-03-03,7641.197,7869.293,6189.811,6189.811,18441571,8094.88,4440.58,1375.37
2026-03-04,6913.115,6954.844,4747.547,4910.134,19864708,8385.9,4717.48,1827.32
2026-03-05,5332.861,5599.504,4747.547,5120.048,16756234,8419.8,4948.97,2168.1
2026-03-06,5156.02,5503.752,4352.141,4677.485,11357317,8402.22,5118.26,2506.72
2026-03-09,4554.815,4784.155,3789.233,4199.137,10560645,8301.14,5236.02,2735.42
2026-03-10,3898.858,4496.349,3789.233,4349.379,16484612,8084.86,5345.42,2963.75
2026-03-11,4308.044,4773.454,4128.925,4549.413,18985706,7974.02,5430.54,3275.33
2026-03-12,4476.257,5223.338,4375.667,5007.893,23886371,7978.33,5469.45,3533.52
2026-03-13,4763.722,10696.69,4667.969,9725.699,85920735,8634.95,5548.83,3620.71
2026-03-16,8138.958,10696.69,8004.756,9013.525,25547663,9092.58,5650.38,3415.97
2026-03-17,9555.239,9615.43,8123.417,8177.438,15508959,9473.66,5793.47,3099.28
2026-03-18,8258.47,16430.711,8123.417,15916.917,112090190,13241.28,6359.61,2902.58
2026-03-19,13187.385,21084.295,13176.681,19764.235,77367679,17415.25,7301.78,1802.35
2026-03-20,17796.367,27885.008,17649.694,27425.759,96685709,23777.48,8806.47,485.16
2026-03-23,24196.666,27885.008,22398.429,22610.486,37468622,26418.61,10416.96,-1209.65
2026-03-24,26149.172,26175.679,20800.778,22108.41,60843341,28221.57,12075.61,-1426.66
2026-03-25,24521.462,26112.189,19944.381,20571.169,37021924,28907.66,13696.09,-671.46
2026-03-26,21285.707,21937.566,16970.421,17341.24,18558692,28912.04,15142.06,1294.3
2026-03-27,17886.562,19870.824,16970.421,19498.034,54365132,28803.57,16389.15,3744.73
2026-03-30,17498.525,19870.824,16779.206,18161.763,30371328,27944.86,17505.1,6070.05
2026-03-31,17344.798,18360.767,14342.436,14379.425,18352582,25231.36,18417.06,8366.11
2026-04-01,16210.375,22209.676,14342.436,21706.941,79789445,24601.72,19200.58,11707.86
2026-04-02,18858.115,22415.99,18168.989,18668.636,51122389,24573.11,19603.27,14157.21
2026-04-03,22313.79,22415.99,17663.512,17876.197,32764212,22521.89,19429.77,15253.9
2026-04-06,18344.104,18960.892,16903.725,17201.85,30234480,22142.73,19136.72,15014.69
2026-04-07,16923.6,17927.289,16282.32,16676.402,35131466,21651.73,18758.63,14872.73
2026-04-08,17156.99,27008.909,16282.32,27008.909,90652757,24570.88,18851.52,15195.56
2026-04-09,22493.45,34753.891,22349.722,33258.334,98550901,29440.02,19592.5,14668.29
2026-04-10,30623.306,36976.525,29697.485,34426.42,58615087,33271.41,20623.16,12688.21
2026-04-13,36338.999,36976.525,29698.414,30468.135,31603945,34931.83,21704.73,11042.69
2026-04-14,29954.988,32071.721,26615.593,27493.03,30363441,36171.19,22866.74,11960.93
2026-04-15,29130.913,40191.846,26615.593,38895.334,90657421,40019.38,24262.37,12659.63
2026-04-16,32753.966,40191.846,32753.966,37400.467,45646250,42101.7,25851.7,12421.87
2026-04-17,37858.165,37923.551,32035.532,33926.929,28742945,42365.64,27428.91,12801.74
2026-04-20,33808.716,34754.415,28454.757,28917.854,17633319,41893.96,28817.8,15028.22
2026-04-21,29123.676,44024.588,28454.757,41737.596,94558241,41562.39,30712.19,18171.13
2026-04-22,36782.448,44024.588,34730.869,37065.239,25850868,41234.97,32188.86,21861.05
2026-04-23,36268.137,39570.975,34730.869,36346.269,38508390,41507.93,33158.37,24589.77
2026-04-24,37439.39,39570.975,30336.514,31192.403,16171273,41775.9,33586.67,25879.9
2026-04-27,31572.798,32856.632,27377.514,28809.301,22612731,41211.98,33796.73,25849.79
2026-04-28,29026.239,43479.451,27377.514,40031.266,81046981,41048.58,34506.07,27070.5
2026-04-29,36475.326,43479.451,32631.052,34304.44,14294409,40821.24,34683.6,28115.79
2026-04-30,34583.337,34722.786,27816.698,27976.564,11755161,40726.85,34383.63,27017.24
2026-05-04,29135.593,29135.593,23409.148,24675.545,27071233,41029.96,33840.18,25007.18
2026-05-06,26862.957,27131.586,21254.321,23239.02,22768867,42003.7,33314.59,23230.11
2026-05-07,23202.935,25609.822,21254.321,22733.852,22703197,41306.38,32187.48,21224.6
2026-05-08,24788.116,25609.822,18032.72,19047.423,6770847,41562.42,30795.75,18670.26
2026-05-11,18554.567,19047.423,15683.41,16033.04,7527901,41729.39,29149.62,16026.64
2026-05-12,16082.987,16707.327,12711.469,13518.546,10316768,41542.73,27476.75,12705.63
2026-05-13,14392.88,14415.299,11103.674,11278.995,6533006,41585.27,25781.47,9309.65
2026-05-14,11259.515,12615.188,11103.674,12615.188,15916665,38860.42,23626.02,7504.43
2026-05-15,11473.629,12615.188,10520.476,10785.38,14557771,37111.45,21409.87,7471.66
2026-05-18,12526.178,12564.022,9710.493,10797.626,13905121,33958.52,19431.38,6783.91
2026-05-19,9931.605,10926.608,8912.704,8979.093,7849481,30971.84,17628.94,5804.17
2026-05-20,9576.593,10041.315,7852.689,8174.772,8708172,28339.02,15944.71,5209.84
2026-05-21,8190.109,9745.297,7852.689,9163.488,16454434,25748.16,14392.8,5912.06
2026-05-22,9325.102,9745.297,8388.597,8661.643,9472041,22699.79,13054.79,6413.24
2026-05-26,9056.044,10631.593,8388.597,9678.529,18167764,19744.77,12009.69,6928.66
2026-05-27,9793.554,10631.593,8426.251,8473.768,11387189,17201.12,11178.54,7029.78
2026-05-28,9329.064,9344.902,7366.339,7659.789,10053333,15255.9,10531.07,6619.92
2026-05-29,8051.055,8560.826,7366.339,8230.959,15513424,14079.92,9954.31,7047.36
2026-06-01,8325.207,8560.826,7220.203,7250.1,10073054,12790.96,9462.04,6877.45
2026-06-02,7489.279,7534.125,6349.629,6656.163,11153842,11840.23,8992.87,6797.72
2026-06-04,6904.309,6933.503,5957.001,6158.251,7353762,10982.91,8600.02,6225.63
2026-06-05,6024.084,6399.751,5082.638,5202.229,5183067,10596.98,8242.64,5368.22
2026-06-08,5429.453,5429.453,4298.031,4554.796,6750004,10582.89,7834.5,4585.06
2026-06-09,4313.66,4644.106,4151.811,4530.618,7740230,10528.01,7425.16,3971.71
2026-06-10,4401.479,4562.903,3919.017,4117.449,5548814,10227.94,6951.78,3518.45
2026-06-11,3998.39,4286.115,3493.692,3707.628,4768874,9813.84,6481.69,3051.5
2026-06-12,3620.603,5509.692,3493.692,4893.771,16686775,9272.42,6100.2,2819.39
2026-06-15,5341.714,5715.429,4725.793,5331.296,11338263,8730.34,5756.17,3027.08
2026-06-16,5715.429,11904.824,5203.252,11366.519,48167340,9905.09,5744.93,3271.76
[/fund_updown_bb / FUND_WAVE_L]
