[raw_daily / RAW]
datetime,open,high,low,close,volume
[/raw_daily / RAW]
[updown_bb / WAVE_S]
datetime,open,high,low,close,volume,upbb_u,upbb_m,upbb_l,rsi,stoch
2026-05-12 04:48,114600,119800,114600,116760,124548,120690.88,111355.17,100759.06,55.47,24.12
2026-05-12 09:36,116760,116760,108520,108520,124548,120553.59,111567.23,100925.21,63.14,45.89
2026-05-12 14:24,108520,108520,100280,100280,124548,120594.06,111578.68,100544.78,58.29,48.08
2026-05-12 19:12,100280,105960,99000,105960,124548,120526.1,110888.62,99384.04,46.62,24.27
2026-05-13 00:00,105960,114200,105960,114200,124548,120020.96,109980.2,98904.54,46.62,12.37
2026-05-13 04:48,107000,107000,105200,106520,117278,118846.9,109280.83,99894.09,51.99,17.82
2026-05-13 09:36,106520,109640,106520,109640,117278,117442.09,108577.31,100825.97,51.99,26.02
2026-05-13 14:24,109640,112760,109640,112760,117278,116477.93,108318.47,100844.29,53.71,35.11
2026-05-13 19:12,112760,114400,112760,112920,117278,116509.33,108715.75,100950.08,58.19,53.17
2026-05-14 00:00,112920,112920,109800,109800,117278,116466.54,109169.69,100831.56,59.65,66.75
2026-05-14 04:48,112600,114000,111780,111780,163932,116044.66,109409.24,100826.78,59.65,73.54
2026-05-14 09:36,111780,111780,108160,108160,163932,115233.52,109327.83,100744.97,60.88,86.77
2026-05-14 14:24,108160,108160,104540,104540,163932,113993.12,109239.35,100991.56,53.64,78.2
2026-05-14 19:12,104540,104540,100920,100920,163932,114042.46,109365.96,101637.12,44.78,50.87
2026-05-15 00:00,100920,100920,98800,100300,163932,114762.86,109201.8,101423.35,36.81,25.46
2026-05-15 14:24,111100,111400,105800,105800,134901.6,114996.27,108828.59,100625.67,36.81,15.1
2026-05-16 04:48,105800,105800,99900,99900,134901.6,115211.52,108660.38,99838.3,45.28,23.84
2026-05-16 19:12,99900,99900,94000,94000,134901.6,115423.36,108116.75,97622.37,36.89,18.77
2026-05-17 09:36,94000,94500,91300,94500,134901.6,115780.81,106982.58,94583.2,28.87,12.25
2026-05-18 00:00,94500,100400,94500,100400,134901.6,116357.46,105714.78,92602.89,27.65,10.17
2026-05-18 04:48,97800,97800,93700,93700,115621.4,115706.4,104361.54,91250.05,26.29,6.13
2026-05-18 09:36,93700,93700,91300,93000,115621.4,114440.95,102967.05,90291.87,26.29,4.25
2026-05-18 14:24,93000,97100,93000,97100,115621.4,113009.2,101550.1,89796.45,23.19,6.19
2026-05-18 19:12,97100,101200,97100,101200,115621.4,111217.33,100379.75,89418.37,23.19,7.46
2026-05-19 00:00,101200,102000,98700,98700,115621.4,109885.86,99730.18,89484.03,34.85,17.77
2026-05-19 04:48,99700,99700,96700,97200,182149,108131.03,99083.19,90172.66,34.97,23.04
2026-05-19 09:36,97200,100700,97200,100700,182149,105757.67,98272.96,91651.47,37.11,33.12
2026-05-19 14:24,100700,104200,100700,104200,182149,103383.18,97806.98,92113.52,38.77,61.7
2026-05-19 19:12,104200,107400,104200,107100,182149,103660.93,97987.97,91669.36,49.51,80.85
2026-05-20 00:00,107100,107100,103600,103600,182149,105310.32,98493.8,90803.99,58.44,90.43
2026-05-20 04:48,101100,101340,97200,101340,307412.4,106547.84,99091.37,90852.5,58.64,95.21
2026-05-20 09:36,101340,109380,101340,109380,307412.4,107796.29,99557.15,91599.68,52.57,90.19
2026-05-20 14:24,109380,117420,109380,117420,307412.4,110461.86,100529.04,92611.04,62.9,95.09
2026-05-20 19:12,117420,125460,117420,125460,307412.4,115523.04,102021.51,93211.34,73.4,97.55
2026-05-21 00:00,125460,129500,125460,125500,307412.4,121374.42,103913.88,92053.35,80.73,98.77
2026-05-21 04:48,110000,114200,109100,114200,160800.2,125250.73,105835.89,91236.59,81.03,99.39
2026-05-21 09:36,114200,120200,114200,120200,160800.2,126747.35,107716.13,91803.24,81.03,99.69
2026-05-21 14:24,120200,126200,120200,126200,160800.2,128607.51,109702.54,93141.77,82.45,99.85
2026-05-21 19:12,126200,132200,126200,132200,160800.2,131343.86,111804.53,94222,85.46,99.92
2026-05-22 00:00,132200,135000,131800,131800,160800.2,134302.7,114104.37,94621.12,88.36,99.96
2026-05-22 19:12,122700,124640,120600,124640,262067.6,135639.75,116421.53,96289.68,88.5,99.98
2026-05-23 14:24,124640,130780,124640,130780,262067.6,134945.38,118870.48,99463.51,88.5,99.99
2026-05-24 09:36,130780,136920,130780,136920,262067.6,135281.18,121192.91,103777.2,89.7,100
2026-05-25 04:48,136920,141000,136920,138940,262067.6,137615.75,123367.65,107185.8,91.59,100
2026-05-26 00:00,138940,138940,132800,132800,262067.6,140164.43,125141.41,108364.91,92.53,100
2026-05-26 04:48,136000,141000,136000,141000,187021.4,142459.57,126882.96,109729.91,92.53,100
2026-05-26 09:36,141000,141000,136000,136000,187021.4,143186.99,128879.19,111947.01,93.52,100
2026-05-26 14:24,136000,136000,131000,131000,187021.4,143430.1,130693.03,115367.32,91.14,98.62
2026-05-26 19:12,131000,131000,126000,126000,187021.4,143362.19,131906.28,118759.64,78.37,87.4
2026-05-27 00:00,126000,126000,121500,122000,187021.4,143128.24,132673.83,120485.59,78.37,81.79
2026-05-27 04:48,139000,139000,131160,131160,201791.2,142680.45,133065.59,121473.54,63.49,65.24
2026-05-27 09:36,131160,131160,123320,123320,201791.2,141368.61,133689.82,122597.54,67.95,61.1
2026-05-27 14:24,123320,123320,115480,115480,201791.2,141235.56,133689.02,121563.51,54.25,40.04
2026-05-27 19:12,115480,115480,108000,108360,201791.2,142644.06,132746.15,117038.51,41.89,23.82
2026-05-28 00:00,108360,116200,108360,116200,201791.2,144783.89,130964.86,112405.84,32.96,12.63
2026-05-28 04:48,121500,121500,116780,116780,175477.6,145357.43,129183.56,109198.88,32.96,7.03
2026-05-28 09:36,116780,116780,112060,112060,175477.6,144348.02,127285.78,107618.46,36.73,7.67
2026-05-28 14:24,112060,112060,108000,108660,175477.6,142588.38,125155.52,106206.1,32.63,5.89
2026-05-28 19:12,108660,113380,108660,113380,175477.6,140908.91,123009.05,104999.35,29.05,3.37
2026-05-29 00:00,113380,118100,113380,118100,175477.6,139130.62,120862.58,104060.58,29.05,2.13
2026-05-29 14:24,118900,119900,116680,116680,285693,136221.54,119301.2,104504,36.33,7.21
2026-05-30 04:48,116680,116680,112460,112460,285693,132131.38,117564.31,106847.27,38.06,13.16
2026-05-30 19:12,112460,112460,108240,108240,285693,127313.49,116109.57,108767.02,35.25,14.14
2026-05-31 09:36,108240,108240,104020,104020,285693,123521.38,114952.42,107919.88,30.71,7.78
2026-06-01 00:00,104020,104020,100000,100200,285693,122793.46,114075.96,105233.52,26.17,4.07
2026-06-01 04:48,118500,118500,110320,110320,245698.2,121875.75,113199.51,103497.26,26.17,5.37
2026-06-01 09:36,110320,110320,102140,102140,245698.2,120418.1,112522.13,102637.28,37.81,27.57
2026-06-01 14:24,102140,102140,93960,93960,245698.2,119607.99,111695.87,99851.93,30.95,24.41
2026-06-01 19:12,93960,96220,91000,96220,245698.2,120552.93,110569.86,96133.08,24.33,16.58
2026-06-02 00:00,96220,104400,96220,104400,245698.2,121586.44,109433.26,93514.34,24.23,14.02
2026-06-02 09:36,100300,100300,91000,91440,197789.8,121016.13,107937.58,91107.64,22.91,8.82
2026-06-02 19:12,91440,101180,91440,101180,197789.8,119840.83,106271.69,89724.25,21.73,10.55
2026-06-03 04:48,101180,110920,101180,110920,197789.8,117668.08,104756.18,89012.07,21.73,12.52
2026-06-03 14:24,110920,120660,110920,120660,197789.8,116832.68,104043.2,89457.07,39.71,31.63
2026-06-04 00:00,120660,121900,113400,113400,197789.8,118303.61,104361.96,89640.66,54.93,65.18
2026-06-04 04:48,106000,115640,106000,115640,214801.8,119324.24,104723.77,89200.71,55.69,82.59
2026-06-04 09:36,115640,121900,115640,118520,214801.8,121049.36,104898.56,88894.12,58.42,91.3
2026-06-04 14:24,118520,118520,108880,108880,214801.8,122811.92,105625.75,87823.72,60.67,95.65
2026-06-04 19:12,108880,108880,99240,99240,214801.8,124516.67,106928.89,88507.58,60.67,97.82
2026-06-05 00:00,99240,103000,96300,103000,214801.8,124487.42,107967.03,89331.97,52.93,91.11
2026-06-05 14:24,100000,100000,92240,92240,138621,123788.73,108579.67,90294.02,41.22,72.12
2026-06-06 04:48,92240,93520,89000,93520,138621,122885.07,109058.69,90660.55,37.14,51.86
2026-06-06 19:12,93520,101280,93520,101280,138621,124139.33,109054.46,91037.66,30.56,30.33
2026-06-07 09:36,101280,108400,101280,107760,138621,124437.8,108574.96,90199.68,32.1,21.2
2026-06-08 00:00,107760,107760,100000,100000,138621,123616.92,107748.01,89538.28,41.33,27.04
2026-06-08 04:48,91200,93540,89000,93540,187015.8,122455.99,106878.01,88450.85,41.33,29.96
2026-06-08 09:36,93540,100280,93540,100280,187015.8,120595.46,105355.27,87897.61,33.4,16.71
2026-06-08 14:24,100280,107020,100280,107020,187015.8,117418.05,103825.26,89463.56,36.59,13.56
2026-06-08 19:12,107020,113760,107020,113760,187015.8,113336.42,102644.36,91180.82,45.18,25.17
2026-06-09 00:00,113760,117800,113760,115100,187015.8,112362.7,102214.89,91165.12,54.51,62.59
2026-06-09 04:48,108000,111860,106200,111860,257315.6,113405.13,102643.85,88987.16,59.45,81.29
2026-06-09 09:36,111860,119320,111860,119320,257315.6,116085.27,103347.24,88606.79,59.89,90.65
2026-06-09 14:24,119320,125600,119320,124420,257315.6,119793.43,104901.29,88480.3,65.39,95.32
2026-06-09 19:12,124420,124420,116960,116960,257315.6,123402.65,106763.22,88172.65,69.93,97.66
2026-06-10 00:00,116960,116960,109500,109500,257315.6,126090.36,108269.64,88380.24,69.93,98.83
2026-06-10 04:48,114800,114800,106400,106980,480578.2,127405.77,109569.88,90587.55,64.05,94.39
2026-06-10 09:36,106980,115960,106980,115960,480578.2,126349.43,111123.87,93658.43,57.57,85.84
2026-06-10 14:24,115960,124940,115960,124940,480578.2,125548.68,112559.2,97860.79,57.57,78.75
2026-06-10 19:12,124940,133920,124940,133920,480578.2,127130.6,114160.68,101914.83,66.29,89.37
2026-06-11 00:00,133920,138100,133300,133300,480578.2,130915.66,115948.37,103432.38,73.94,94.69
[/updown_bb / WAVE_S]
[updown_bb / WAVE_M]
datetime,open,high,low,close,volume,upbb_u,upbb_m,upbb_l,rsi,stoch
2026-04-21 00,81333.333,82400,79400,79400,224857,81002.55,74957.19,66447.89,92.22,99.97
2026-04-21 08,80500,80500,77600,79400,379718.666666667,81845.75,75830.08,68146.52,92.3,99.99
2026-04-21 16,79400,84100,79400,84100,379718.666666667,82873.77,76503.81,69147.53,92.55,99.99
2026-04-22 00,84100,87700,84100,86600,379718.666666667,84539.18,77380.36,70585.93,94.27,100
2026-04-22 08,81000,81000,78200,80500,280371,85765.8,78186.35,71702.34,94.73,100
2026-04-22 16,80500,85600,80500,85600,280371,86302.95,78902.58,72360.5,94.73,100
2026-04-23 00,85600,87700,84700,84700,280371,87139.18,79769.11,73347.32,95.72,100
2026-04-23 08,86600,86600,81600,81700,242651.666666667,87861.17,80531.54,73969.7,95.93,100
2026-04-23 16,81700,86800,81700,86800,242651.666666667,88189.41,81264.04,74570.48,96.15,100
2026-04-24 00,86800,90400,86800,88900,242651.666666667,89001.66,82022.8,75596.18,96.29,100
2026-04-25 00,85200,85466.667,83000,85466.667,210672.666666667,89586.15,82717.82,76285.63,96.87,100
2026-04-26 00,85466.667,90133.333,85466.667,90133.333,210672.666666667,89702.06,83404.88,76843.04,96.87,100
2026-04-27 00,90133.333,90400,86000,86000,210672.666666667,90039.89,84207.39,77620.61,97.45,100
2026-04-27 08,88900,89400,86433.333,86433.333,216974.333333333,90588.16,84807.09,78324.26,97.45,100
2026-04-27 16,86433.333,86433.333,83000,83033.333,216974.333333333,90882.11,85315.49,78993.78,94.11,98.24
2026-04-28 00,83033.333,86500,83033.333,86500,216974.333333333,90438.15,85689.9,79986.3,76.38,81.31
2026-04-28 08,86400,86400,83800,84366.667,222159.666666667,90213.05,85903.55,81093.25,76.38,72.84
2026-04-28 16,84366.667,87533.333,84366.667,87533.333,222159.666666667,89977.62,86082.11,81552.8,76.61,68.59
2026-04-29 00,87533.333,90000,87533.333,89300,222159.666666667,89748.45,86255.98,82179.6,78.12,62.5
2026-04-29 08,84100,89000,84100,89000,184099,89801.77,86535.08,83106.75,82.65,81.25
2026-04-29 16,89000,92900,89000,91900,184099,90502.93,86746.76,83260.35,84.15,90.62
2026-04-30 00,91900,91900,87000,87000,184099,91216.26,87054.57,82942.15,86.46,95.31
2026-05-01 08,88500,92900,88500,92800,177142,92039.76,87222.19,82753.23,86.46,97.66
2026-05-02 16,92800,92800,88300,88300,177142,92832.6,87519.27,82449.5,89.1,98.83
2026-05-04 00,88300,88300,86000,88200,177142,93472.71,87735.42,82528.77,76,89.4
2026-05-04 16,89300,89300,86500,87666.667,395037.666666667,93529.98,88079.12,82892.46,75.24,84.07
2026-05-05 08,87666.667,91633.333,87666.667,91633.333,395037.666666667,93432.76,88422.83,83386.02,75.24,81.4
2026-05-06 00,91633.333,94700,91633.333,93800,395037.666666667,93457.2,88814.44,84023.84,77.57,83.93
2026-05-06 08,91200,94100,87200,94100,613918,93741.18,89340.52,84654.65,83.17,91.97
2026-05-06 16,94100,105000,94100,105000,613918,96684.14,89839.38,85178.83,85.61,95.98
2026-05-07 00,105000,111200,105000,106500,613918,101632.89,90831.18,85089.31,92.2,97.99
2026-05-07 08,102400,105666.667,99500,105666.667,344751.666666667,104944.51,92074.67,82453.35,94.11,99
2026-05-07 16,105666.667,114733.333,105666.667,114733.333,344751.666666667,109350.96,93474.47,81616,94.75,99.5
2026-05-08 00,114733.333,119800,114733.333,115800,344751.666666667,114533.3,95248.88,80650.87,96.22,99.75
2026-05-09 00,103900,108833.333,102200,108833.333,209357.333333333,118195.42,97309.51,80116.23,96.61,99.87
2026-05-10 00,108833.333,117166.667,108833.333,117166.667,209357.333333333,120591.76,99376.58,80878.91,96.61,99.94
2026-05-11 00,117166.667,119800,114100,114100,209357.333333333,122621.09,101772.31,82293.09,97.23,99.97
2026-05-11 08,119400,119800,108966.667,108966.667,271599.666666667,123973.57,104146.68,84182.27,97.29,99.98
2026-05-11 16,108966.667,108966.667,99000,100266.667,271599.666666667,123595.6,106203.65,87366.75,88.49,96.57
2026-05-12 00,100266.667,111500,100266.667,111500,271599.666666667,122123.61,107881.4,91727.08,74.47,84.9
2026-05-12 08,114600,119800,111266.667,111266.667,207580,121737.35,109012.14,96126.92,74.47,77.38
2026-05-12 16,111266.667,111266.667,99000,100466.667,207580,120094.07,109946.37,98078.14,76.95,76.85
2026-05-13 00,100466.667,114200,100466.667,114200,207580,118816.22,110647.35,100008.53,72.95,63.66
2026-05-13 08,107000,108600,105200,108600,195463.333333333,118731.28,110780.51,100465.97,69.62,52.52
2026-05-13 16,108600,113800,108600,113800,195463.333333333,118792.26,110730.37,100395.76,69.62,46.95
2026-05-14 00,113800,114400,109800,109800,195463.333333333,118805.58,110805.89,100424.62,72.66,53.13
2026-05-14 08,112600,114000,109366.667,109366.667,273220,118588.14,110552.75,100272,72.66,56.21
2026-05-14 16,109366.667,109366.667,103333.333,103333.333,273220,117734.57,110234.48,101043.61,70.39,62.65
2026-05-15 00,103333.333,103333.333,98800,100300,273220,116802.64,109746.17,100742.38,52.71,39.02
2026-05-16 00,111100,111400,101866.667,101866.667,224836,117511.97,109532.82,100588.41,52.71,41.9
2026-05-17 00,101866.667,101866.667,92033.333,92033.333,224836,117107.51,109175.74,98471.51,46.21,36.84
2026-05-18 00,92033.333,100400,91300,100400,224836,117261.15,108072.54,95622.76,29.49,19.17
2026-05-18 08,97800,97800,91300,91633.333,192702.333333333,117935.36,107046.3,92931.89,29.49,10.33
2026-05-18 16,91633.333,98466.667,91633.333,98466.667,192702.333333333,118334.06,105839.36,90547.6,24.91,9.36
2026-05-19 00,98466.667,102000,98466.667,98700,192702.333333333,118203.66,104632.42,88681.68,24.91,8.88
2026-05-19 08,99700,99700,96700,99533.333,303581.666666667,117179.42,103357.51,88220.25,28.16,10.62
2026-05-19 16,99533.333,105366.667,99533.333,105366.667,303581.666666667,115328.51,102145.58,88819.33,31.74,13.84
2026-05-20 00,105366.667,107400,103600,103600,303581.666666667,112827.12,101257.42,89972.3,45.65,31.07
2026-05-20 08,101100,106700,97200,106700,512354,110779.07,100754.31,90708.43,48.38,42.77
2026-05-20 16,106700,120100,106700,120100,512354,111720.12,100433.25,91800.98,55.09,62.16
2026-05-21 00,120100,129500,120100,125500,512354,116619.94,100956.48,90831.85,71.14,81.08
2026-05-21 08,110000,118200,109100,118200,268000.333333333,120639.61,102675.62,88335.69,78.47,90.54
2026-05-21 16,118200,128200,118200,128200,268000.333333333,125129.59,104396.84,88082.4,78.49,95.27
2026-05-22 00,128200,135000,128200,131800,268000.333333333,130420.05,106842.73,88221.92,82.8,97.64
2026-05-23 08,122700,128733.333,120600,128733.333,436779.333333333,134016.85,109704.52,88112.62,85.58,98.82
2026-05-24 16,128733.333,138966.667,128733.333,138966.667,436779.333333333,137916.61,112604.35,89057.23,86.15,99.41
2026-05-26 00,138966.667,141000,132800,132800,436779.333333333,141524.26,115969.43,90529.6,88.86,99.7
2026-05-26 08,136000,141000,136000,137666.667,311702.333333333,144197.5,119047.43,92343.2,88.88,99.85
2026-05-26 16,137666.667,137666.667,129333.333,129333.333,311702.333333333,144656.13,122297.93,95104.44,89.98,99.93
2026-05-27 00,129333.333,129333.333,121500,122000,311702.333333333,144707.35,125370.06,100387.64,90,99.96
2026-05-27 08,139000,139000,125933.333,125933.333,336318.666666667,144949.52,127483.46,105804.43,79.58,94.58
2026-05-27 16,125933.333,125933.333,112866.667,112866.667,336318.666666667,143920.18,128881.96,109024.42,75.31,88.48
2026-05-28 00,112866.667,116200,108000,116200,336318.666666667,142079.15,129489.56,111739.17,53.29,54.98
2026-05-28 08,121500,121500,113633.333,113633.333,292462.666666667,142843.72,129590.53,112565.08,52.72,38.76
2026-05-28 16,113633.333,113633.333,108000,110233.333,292462.666666667,143805.43,128881.78,110055.71,44.74,24.52
2026-05-29 00,110233.333,118100,110233.333,118100,292462.666666667,145612.47,127802.77,107719.25,40.05,14.41
2026-05-30 00,118900,119900,113866.667,113866.667,476155,145664.92,126195.55,105543.5,40.05,9.35
2026-05-31 00,113866.667,113866.667,106833.333,106833.333,476155,144242.39,124527.53,103779.03,39,6.05
2026-06-01 00,106833.333,106833.333,100000,100200,476155,142239.44,122222.02,102177.39,32.43,3.7
2026-06-01 08,118500,118500,104866.667,104866.667,409497,139423.78,119912.83,101061.27,32.43,11.95
2026-06-01 16,104866.667,104866.667,91233.333,91233.333,409497,135822.73,117708.96,99022.37,30.03,14.27
2026-06-02 00,91233.333,104400,91000,104400,409497,131188.84,114804.64,95577.8,20.87,7.47
2026-06-02 16,100300,100300,91000,97933.333,329649.666666667,127672.25,112689.15,91894.35,20.87,4.07
2026-06-03 08,97933.333,114166.667,97933.333,114166.667,329649.666666667,125722.28,110560.9,89531.57,20.5,5.7
2026-06-04 00,114166.667,121900,113400,113400,329649.666666667,123163.61,109311.23,88364.14,36.13,22.32
2026-06-04 08,106000,121900,106000,121733.333,358003,122579.99,108612.19,88942.84,43.19,39.28
2026-06-04 16,121733.333,121733.333,105666.667,105666.667,358003,122381.71,108288.06,89896.58,51.32,60.96
2026-06-05 00,105666.667,105666.667,96300,103000,358003,122179.1,108020.81,90849.29,51.32,80.48
2026-06-06 00,100000,100000,89000,90933.333,231035,121637.06,107780.87,90417.63,43.71,75.73
2026-06-07 00,90933.333,103866.667,90933.333,103866.667,231035,121808.02,106829.34,90037.77,33.18,46.23
2026-06-08 00,103866.667,108400,100000,100000,231035,121590.52,105971.48,89259.61,32.46,29.2
2026-06-08 08,91200,98033.333,89000,98033.333,311693,121741.32,105927.83,88690.48,32.46,20.69
2026-06-08 16,98033.333,109266.667,98033.333,109266.667,311693,121930.7,105716.44,88518.33,30.16,17.33
2026-06-09 00,109266.667,117800,109266.667,115100,311693,121977.68,105973.22,88856.51,41.86,29.76
2026-06-09 08,108000,116833.333,106200,116833.333,428859.333333333,121776.8,106214.97,89021.37,51.7,51.42
2026-06-09 16,116833.333,125600,116833.333,121933.333,428859.333333333,122156.54,106505.06,89081.21,57.25,72.92
2026-06-10 00,121933.333,121933.333,109500,109500,428859.333333333,122412.89,106708.24,87823.33,61.61,86.46
2026-06-10 08,114800,114800,106400,112966.667,800963.666666667,122664.02,106857.46,87049.1,60.33,91.66
2026-06-10 16,112966.667,127933.333,112966.667,127933.333,800963.666666667,125134.4,107376.2,87326.08,60.33,94.27
2026-06-11 00,127933.333,138100,127933.333,133300,800963.666666667,129797.88,109126.62,88308,68.19,97.13
[/updown_bb / WAVE_M]
[updown_bb / WAVE_L]
datetime,open,high,low,close,volume,upbb_u,upbb_m,upbb_l,rsi,stoch
2026-01-13,43800,48800,43500,48300,915773,54435.89,49128.39,41521.73,12.23,13.65
2026-01-14,47550,49000,46300,48000,555762,54386.35,48741.79,40966.57,26.66,20.57
2026-01-15,47900,52700,47100,52000,1831482,54261.15,48401.25,40963.75,31.51,28.11
2026-01-16,47600,53400,47100,51600,911607,54329.46,48298.33,41249.53,48.44,50.14
2026-01-19,53400,53400,49900,51200,526202,54314.01,48284.09,41734.28,53.89,69.02
2026-01-20,50800,52300,48500,49250,700389,54113.13,48210.85,41948.16,53.54,78.08
2026-01-21,50300,50400,45600,47600,749912,53869.41,48135.22,41855.42,53.28,88.21
2026-01-22,47600,49300,45600,48650,536547,53802.97,48032.19,41950.31,44.84,81.53
2026-01-23,49150,50500,47500,50400,542391,53793.29,48238.1,42289.85,44.84,77.75
2026-01-26,48900,52200,48000,52100,941012,53605.99,48633.92,42893.68,49.97,82.23
2026-01-27,50100,53000,49550,52500,809498,53436.65,49141.61,43699.48,57.94,91.12
2026-01-28,51800,59900,51100,59700,3531100,54633.32,49606.43,44656.22,62.45,95.56
2026-01-29,55000,62100,52600,56300,2454200,57151.15,50388.3,44925.88,76.08,97.78
2026-01-30,62000,65700,52600,60500,3663744,60388.11,50998.45,44728.07,76.96,98.89
2026-02-02,57300,65700,57300,59600,1655979,63365.29,51737.06,44608.57,81.69,99.44
2026-02-03,62000,64000,58100,62500,1063283,65628.41,52556.47,43802.84,83.04,99.72
2026-02-04,63200,64000,57800,58600,1063532,67384.02,53556.19,43402.16,85.76,99.86
2026-02-05,61000,61900,54800,55100,695788,68505.7,54726.66,43861.71,86.5,99.93
2026-02-06,55900,57700,50800,52900,685979,68624.48,55678.63,45053.18,70.21,90.52
2026-02-09,52000,55800,50800,54400,511576,67780.42,56292.57,46344.15,55.49,72.96
2026-02-10,55500,55800,52400,52400,542599,66219.16,56794.63,47739.57,55.49,61.92
2026-02-11,54900,55000,51200,52400,326684,65659.83,57201.43,48948.33,54.51,49.37
2026-02-12,52400,54000,51200,52100,514656,66025.6,57113.28,49723.28,48.05,29.8
2026-02-13,53900,54000,50100,50600,388635,66425.12,56987.14,49790.68,47.87,22.72
2026-02-19,51600,52700,50100,51500,572902,66175.16,56534.31,49498.48,42.69,17.63
2026-02-20,52000,52700,50600,51300,393899,65558.9,55964.77,49003.46,40.86,13.41
2026-02-23,52100,52900,50600,51400,466676,64408.1,55197.62,49026.43,39.91,11.23
2026-02-24,52300,53800,50700,53400,634109,62609.04,54371.42,49601.22,39.67,11.23
2026-02-25,51400,56700,50700,53800,851465,60327.1,53763.7,49750.25,39.67,15.05
2026-02-26,56600,56700,53400,55500,654725,58619.11,53487.73,49751.88,44.39,23.67
2026-02-27,55400,55900,52600,54000,483484,57581.08,53320.79,49901.75,52.6,42.82
2026-03-03,53000,56600,51200,51300,876842,56966.38,53221.92,49980.2,55.85,71.41
2026-03-04,52400,56600,42500,43150,824160,56824.15,53115.24,48342.78,45.87,61.59
2026-03-05,49350,52300,42500,50000,642138,56999.76,52849.37,46289.72,37.24,51.09
2026-03-06,47050,57500,46500,57000,1477360,57160.6,52693.05,44944.35,37.24,45.83
2026-03-09,50000,57500,50000,51800,636246,57440.84,52658.81,44180.87,43.74,51.18
2026-03-10,53400,56000,50500,52700,614148,57423.34,52645.1,43999.24,43.74,53.85
2026-03-11,56000,56000,51200,53300,554501,56936.01,52653.65,43990.1,45.26,56.9
2026-03-12,53900,55500,51100,52200,395313,56749.74,52769.61,44019.84,53.73,68.97
2026-03-13,52600,53200,49700,51900,359599,56704.4,52787.61,44053.77,50.25,70.76
2026-03-16,50000,56400,49700,56000,975957,56710.97,52696.57,44303.27,50.25,71.65
2026-03-17,51500,58900,51100,56500,924625,57035.99,52645.22,44581.81,57.24,85.83
2026-03-18,58700,60800,55700,59600,1194598,58148.2,52840.48,44656.4,64.03,92.91
2026-03-19,58300,61500,57050,60100,955288,59432.04,53394.93,45132.31,72.83,96.46
2026-03-20,57700,63500,57050,62500,1097095,61039.85,54074.76,45684.09,76.85,98.23
2026-03-23,60700,63500,56500,56800,662564,62534.53,54694.82,46347.47,77.48,99.11
2026-03-24,60200,61600,55600,56800,513230,63627.23,55314.88,46834.65,77.48,99.56
2026-03-25,59900,64300,55600,62600,1224737,64679.09,55984.42,47362.04,79.63,99.78
2026-03-26,58500,64300,57800,58600,1029359,65559.65,56634.54,47900.55,82.12,99.89
2026-03-27,61400,64100,54600,56200,642709,66053.68,57258.44,48670.54,74.16,95.74
2026-03-30,56600,58300,50100,51500,565460,65882.35,57798.6,49647.71,65.65,88.61
2026-03-31,52600,52700,47050,47450,612650,65164.18,57994.24,49992.54,47.23,54.25
2026-04-01,49500,53400,47050,52900,497108,65531.82,57816.55,49421.41,35.66,31.21
2026-04-02,51200,54100,48250,48950,777633,66462.26,57442.7,48176.97,35.66,19.69
2026-04-03,54100,54100,48250,49550,351846,67054.11,56875.41,46960.15,33.11,18.08
2026-04-06,50500,57600,48900,54500,950326,66955.81,56269.9,46089.49,32.47,16.34
2026-04-07,52000,58800,51800,57900,787566,66540.25,55664.38,45585.79,32.47,15.46
2026-04-08,58000,68000,55900,68000,2071095,66306.18,55232.38,45681.25,49.64,28.53
2026-04-09,61500,70700,60500,68400,1312616,67133.01,55288.57,46179.18,69.96,64.27
2026-04-10,66100,71700,65700,68100,964130,68862.99,55730.22,46040.02,75.89,82.13
2026-04-13,70900,71700,65600,66400,525302,70930.57,56422.14,44148.17,78.39,91.07
2026-04-14,67000,69500,65600,66300,654624,73007.26,57396.79,42885.49,78.78,95.53
2026-04-15,68500,73200,64700,71100,1706699,75237.88,58659.6,42652.37,79.12,97.77
2026-04-16,68800,77600,64700,76100,1201601,77612.01,60156.59,43301.78,82.5,98.88
2026-04-17,69900,77600,69700,76200,600176,79338.32,62068.54,44754.59,86.18,99.44
2026-04-20,74500,79800,73400,78300,886420,80644.82,64186.04,46697.14,87.74,99.72
2026-04-21,76200,82400,74700,79400,674571,81523.68,66506.42,49228.18,89.2,99.86
2026-04-22,80500,87700,77600,86600,1139156,83897.14,68748.62,52176.15,90.23,99.93
2026-04-23,81000,87700,78200,84700,841113,86587,70829.54,54885.29,92.31,99.97
2026-04-24,86600,90400,81600,88900,727955,89487.65,72727.84,57073.06,92.86,99.98
2026-04-27,85200,90400,83000,86000,632018,91946.58,74729.49,58136.17,93.84,99.99
2026-04-28,88900,89400,83000,86500,650923,93339.76,76720.72,59099.61,93.89,100
2026-04-29,86400,90000,83800,89300,666479,94087.98,78732.03,60478.49,94.05,100
2026-04-30,84100,92900,84100,87000,552297,94990.14,80637.73,62591.86,94.52,100
2026-05-04,88500,92900,86000,88200,531426,95456.37,82196.53,65656.73,94.52,100
2026-05-06,89300,94700,86500,93800,1185113,95729.52,83614.53,68625.53,94.72,100
2026-05-07,91200,111200,87200,106500,1841754,99382.1,85105.59,71206.67,95.69,100
2026-05-08,102400,119800,99500,115800,1034255,106358.9,87142.52,73700.02,97.18,100
2026-05-11,103900,119800,102200,114100,628072,112985.22,89544.46,74455.29,98.02,100
2026-05-12,119400,119800,99000,111500,814799,118718.5,92153.82,74612.56,98.27,100
2026-05-13,114600,119800,99000,114200,622740,123408.3,94583.48,75203.85,98.33,100
2026-05-14,107000,114400,105200,109800,586390,126579.68,97104.02,76161.81,98.4,100
2026-05-15,112600,114000,98800,100300,819660,127980.44,99544.92,77380.27,96.7,99.24
2026-05-18,111100,111400,91300,100400,674508,128123.23,101857.26,79586.48,96.7,98.84
2026-05-19,97800,102000,91300,98700,578107,126535.83,103630.18,82154.19,74.07,86.88
2026-05-20,99700,107400,96700,103600,910745,122535.12,105163.16,84796.67,67.79,75.44
2026-05-21,101100,129500,97200,125500,1537062,120872.68,106420.19,87879.1,67.79,62.97
2026-05-22,110000,135000,109100,131800,804001,124294.99,107989.74,92005.09,79.3,81.48
2026-05-26,122700,141000,120600,132800,1310338,130266.24,109571.51,92456.22,84.18,90.74
2026-05-27,136000,141000,121500,122000,935107,135975.94,111069.31,89401.04,85.41,95.37
2026-05-28,139000,139000,108000,116200,1008956,140639.68,112476.91,88050.51,85.41,97.69
2026-05-29,121500,121500,108000,118100,877388,144233.48,113947.59,87924.88,86.29,98.84
2026-06-01,118900,119900,100000,100200,1428465,145171.64,115159.02,88244.6,77.28,92.8
2026-06-02,118500,118500,91000,104400,1228491,145077.31,116211.59,88965.49,72.76,86.24
2026-06-04,100300,121900,91000,113400,988949,144262.44,116917.72,89585.1,53.42,63.22
2026-06-05,106000,121900,96300,103000,1074009,141014.02,117815.88,90232.17,53.42,51.7
2026-06-08,100000,108400,89000,100000,693105,140181.34,118512.56,89510.04,49.71,35.59
2026-06-09,91200,117800,89000,115100,935079,141256.96,117791.71,87969.7,43.15,21.17
2026-06-10,108000,125600,106200,109500,1286578,140538.3,116628.71,85751.82,49.66,23.18
2026-06-11,114800,138100,106400,133300,2402891,138753.98,115208.93,86001.79,49.66,24.18
[/updown_bb / WAVE_L]
[slope_bb / WAVE_S]
slope_u,slope_m,slope_l
121067.44,111355.17,100783.24
121591.56,111567.23,100651.7
121503.34,111578.68,100321.57
120415.22,110888.62,99915.74
119939.35,109980.2,99329.83
119205.82,109280.83,100139.83
118025.78,108577.31,101028.63
117366.66,108318.47,100797.9
117735.01,108715.75,100568.49
117677.79,109169.69,100430.25
117135.48,109409.24,100415.41
116207.24,109327.83,100408.48
114559.67,109239.35,100943.08
114076.67,109365.96,101989.8
114236.1,109201.8,102201.27
114565.03,108828.59,101317.97
115340.56,108660.38,100400.39
115381.81,108116.75,98416.04
115142.86,106982.58,95831.7
115828.03,105714.78,93803.02
115340.77,104361.54,92218.21
114208.63,102967.05,91025.04
112427.2,101550.1,90879.4
110970.43,100379.75,90131.93
110177.06,99730.18,89675.53
108379.73,99083.19,90330.46
106051.68,98272.96,91831.11
103826.69,97806.98,92075.75
104453.94,97987.97,91259.6
106439.25,98493.8,90106.62
107539.8,99091.37,90232.89
108367.61,99557.15,91308.39
111578.63,100529.04,91869.23
117557.4,102021.51,91744.19
124396.64,103913.88,89906.67
127870.98,105835.89,89495.8
128986.98,107716.13,90811.77
131457.45,109702.54,91882.49
134808.71,111804.53,92564.64
138323.72,114104.37,92569.73
139147.39,116421.53,94581.5
137984.35,118870.48,98217.23
138613.16,121192.91,102268.28
141376.79,123367.65,105261.81
143897.01,125141.41,106411.09
145691.98,126882.96,108012.64
146337.1,128879.19,110221.91
146043.4,130693.03,113912.54
145035.23,131906.28,117925.95
144503.7,132673.83,119786.77
143121.33,133065.59,121705.55
142465.63,133689.82,122790.02
142012.36,133689.02,122165.25
142532.8,132746.15,118328.27
143628.51,130964.86,114295.38
144475.11,129183.56,110661.05
143955.39,127285.78,108796.88
141976.68,125155.52,107510.31
139976.09,123009.05,106410.54
138418.27,120862.58,105174.03
136161.6,119301.2,105026.52
132202.73,117564.31,107200.93
127084.33,116109.57,109334.78
122837.07,114952.42,108836.12
121597.45,114075.96,106519.47
120911.71,113199.51,104651.25
120474.7,112522.13,103573.33
119619.95,111695.87,101009.21
119833.23,110569.86,97851.94
121269.1,109433.26,94983.45
120886.64,107937.58,92278.37
119615.53,106271.69,91105.11
117956.37,104756.18,89807.84
118245.19,104043.2,89213.75
120929.95,104361.96,88343.56
121583.05,104723.77,88144.57
123314.19,104898.56,87982.07
125268.16,105625.75,86982.37
126988.33,106928.89,87505.67
125963.84,107967.03,88895.14
123879.1,108579.67,90743.68
122440.23,109058.69,91413.03
122720.42,109054.46,92666.32
123752.15,108574.96,91218.94
123925.96,107748.01,89970.75
123018.06,106878.01,88576.45
119979.22,105355.27,88847.78
117283.02,103825.26,90170.32
114200.04,102644.36,91097.85
114142.53,102214.89,90286.29
115542.82,102643.85,88276.15
118602,103347.24,87727.81
122988.32,104901.29,87107.97
126997.37,106763.22,86477.09
129187.14,108269.64,86924.62
129562.75,109569.88,89944.38
128017.24,111123.87,93393.38
127202.16,112559.2,97401.82
129548.62,114160.68,100683.7
134280.19,115948.37,101361.66
[/slope_bb / WAVE_S]
[slope_bb / WAVE_M]
slope_u,slope_m,slope_l
82850.22,74957.19,65600.01
83458.93,75830.08,67363.52
84257.76,76503.81,68465.74
86095.55,77380.36,69681.02
87191.23,78186.35,70940.86
87598.36,78902.58,71780.89
88706.81,79769.11,72560.3
89364.47,80531.54,73320.25
89713.32,81264.04,74007.47
90569.87,82022.8,74865.92
91110.91,82717.82,75652.46
91148.95,83404.88,76281.32
91648.9,84207.39,76866.14
91995.9,84807.09,77701.58
92079.03,85315.49,78515.08
91240.34,85689.9,79824.73
90962.72,85903.55,80959.45
90694.74,86082.11,81463.09
90531.06,86255.98,81924.84
90690.81,86535.08,82888.18
91581.72,86746.76,82961.45
92504.23,87054.57,82457.77
93235.36,87222.19,82304.71
94139.68,87519.27,81974.59
94551.39,87735.42,82140.06
94402.61,88079.12,82660.36
94234.41,88422.83,83239.26
94354.39,88814.44,83686.06
94801.39,89340.52,84261.85
97983.57,89839.38,84576.62
103938.94,90831.18,83641.09
107616.4,92074.67,81035.15
112329.68,93474.47,80084.07
118304.88,95248.88,78629.76
121852.39,97309.51,78473.05
124125.1,99376.58,79579.19
126822.09,101772.31,80585.51
127835.35,104146.68,82753.7
126835.04,106203.65,86164.58
124298.63,107881.4,91371.18
123987.06,109012.14,95446.34
122212.53,109946.37,97340.59
120472.52,110647.35,100024.53
120673.72,110780.51,100380.57
120850.93,110730.37,100175.89
121030.81,110805.89,99795.96
120415.58,110552.75,99758.61
119165.05,110234.48,100705.11
117398.33,109746.17,100966.03
118014.92,109532.82,101264.36
117828.89,109175.74,99158.84
117113.4,108072.54,96797.96
117849.27,107046.3,93838.91
117736.47,105839.36,91875.03
117988.53,104632.42,89541.89
117132.55,103357.51,88823.68
115425.39,102145.58,89212.8
113510.85,101257.42,89815.75
111463.68,100754.31,90557.85
112758,100433.25,91352.99
119022.31,100956.48,89318.59
123900.5,102675.62,87131.67
129175.03,104396.84,86695.98
135588.6,106842.73,86191.93
139593.29,109704.52,86332.75
143878.75,112604.35,87126.47
148180.15,115969.43,88076.25
150067.78,119047.43,90089.1
149953.44,122297.93,93144.34
149436.39,125370.06,98423.05
148319.6,127483.46,105093.42
147306.62,128881.96,108496.74
143950.33,129489.56,112288.93
144747.83,129590.53,113314.76
145267.93,128881.78,111040.71
146612.83,127802.77,108802.91
146674.38,126195.55,106412.12
145120.83,124527.53,104523.13
142176.85,122222.02,103382.06
139446.09,119912.83,102840.96
136690.64,117708.96,100531.47
130977.63,114804.64,97447.3
127535.64,112689.15,93341.69
125524.9,110560.9,90966.76
124395.25,109311.23,88525.85
124161.27,108612.19,89052.24
125000.68,108288.06,89444.4
124886.59,108020.81,90052.54
123118.6,107780.87,90307.32
121579.02,106829.34,91339.72
121753.45,105971.48,90106.68
121939.76,105927.83,89332.6
121727.08,105716.44,89645.17
123265.76,105973.22,88915.16
124091.78,106214.97,88748.07
125551.27,106505.06,88074.59
126181.98,106708.24,86615.76
126071.63,106857.46,86061.96
128290.29,107376.2,86406.54
133716.48,109126.62,86703.44
[/slope_bb / WAVE_M]
[slope_bb / WAVE_L]
slope_u,slope_m,slope_l
54779.38,49128.39,41981.38
54968.83,48741.79,41212.37
54968.72,48401.25,41041.17
55409.53,48298.33,41270.98
55825.57,48284.09,41313.18
55388.58,48210.85,41601.67
54945.18,48135.22,41578.34
54498.1,48032.19,41879.41
54378.02,48238.1,42218.38
54204.23,48633.92,42813.04
54240.34,49141.61,43557.89
55686.1,49606.43,44369.97
58978.84,50388.3,44376.44
62575.97,50998.45,43829.93
65695.87,51737.06,43689.63
67952.97,52556.47,42831.29
69708.77,53556.19,42482.03
70719.8,54726.66,43100.71
70260.49,55678.63,44672.93
68727.99,56292.57,46303.83
67011.14,56794.63,47756.76
66366.33,57201.43,49146.08
66631.72,57113.28,49992.28
67082.06,56987.14,50097.39
66735.66,56534.31,49914.27
66169.25,55964.77,49362.66
65036.08,55197.62,49356.87
63278.33,54371.42,49746.06
60861.6,53763.7,49869.15
59162.51,53487.73,49748.89
58234.05,53320.79,49716.61
57593.58,53221.92,49741.79
57070.77,53115.24,48450.1
56967.84,52849.37,46895.19
57569.3,52693.05,45382.11
58327.73,52658.81,44477.77
58624.64,52645.1,43984.72
58081.56,52653.65,43846.25
57895.52,52769.61,43844.2
57692.19,52787.61,43954.21
57627.99,52696.57,44262.07
58128.8,52645.22,44628.62
59733.32,52840.48,44197.78
61169.24,53394.93,44545.59
62885.7,54074.76,45122.18
64413.07,54694.82,45636.5
65192.46,55314.88,46246.88
66116.91,55984.42,46776.17
66929.19,56634.54,47285.99
67043.82,57258.44,48311.84
66588.61,57798.6,49504.72
65318.62,57994.24,50310.99
65244.14,57816.55,50090.08
66361.24,57442.7,48610.08
66815.4,56875.41,47649.99
67070.3,56269.9,46472.03
66691.96,55664.38,45888.48
67034.22,55232.38,45513.14
69019.45,55288.57,45584.39
71735.27,55730.22,45037.73
74201.18,56422.14,42834.76
75818.77,57396.79,41807.78
77653.77,58659.6,41749.85
80153.03,60156.59,42330.95
82307.16,62068.54,43813.4
84148.03,64186.04,45569.87
85306.38,66506.42,47989.6
87862.12,68748.62,50702.17
90924.14,70829.54,53372.1
94039.89,72727.84,55313.5
96465.75,74729.49,56506.61
97561.52,76720.72,57448.37
97653.91,78732.03,59053.62
98211.26,80637.73,61385.09
98383.06,82196.53,64509.71
98341.98,83614.53,67493.21
102169.77,85105.59,70001.14
110569.65,87142.52,71805.19
118835.59,89544.46,72367.56
125906.91,92153.82,71677.3
129911.92,94583.48,72545.39
132261.84,97104.02,73872.39
132683.72,99544.92,75704.21
132358.98,101857.26,78494.55
129695.43,103630.18,81542.14
124838.78,105163.16,84422.72
122740.16,106420.19,87561.86
128112.09,107989.74,91202.81
136857.71,109571.51,90626.51
143793.2,111069.31,86577.76
147345.38,112476.91,85775.28
150314.36,113947.59,86442.47
150634.45,115159.02,87130.07
149821.34,116211.59,89186.12
148317.66,116917.72,89743.67
144411.05,117815.88,90263.75
142485.92,118512.56,89828.7
142231.63,117791.71,89005.98
142528.32,116628.71,86645.35
141656.71,115208.93,85998.35
[/slope_bb / WAVE_L]
[sr_band / WAVE_S]
sr_up,sr_mid,sr_down
115458.02,110486.24,105514.47
115177.35,110104.26,105031.17
115303.63,110315.47,105327.31
114789.15,109849.97,104910.79
113897.93,108954.78,104011.64
112908.62,108314.56,103720.5
112197.06,108180.45,104163.85
111818.26,108405.27,104992.27
111799.73,108820.86,105841.98
111945.92,109195.11,106444.3
112126.46,109391.21,106655.95
112264.93,109439.23,106613.54
112353.81,109415.86,106477.9
112191.99,109262.56,106333.12
111918.8,108584.71,105250.62
111649.06,107730,103810.93
111473.07,107457.48,103441.89
111390.83,107191.28,102991.73
110197.54,104988.04,99778.54
108526.66,101987,95447.35
106934.36,99208.43,91482.49
105899.55,97369.07,88838.59
105422.22,96558.15,87694.08
105502.37,96731.06,87959.75
105816.08,97777.88,89739.68
106147.4,99041.71,91936.02
106388.36,100121.63,93854.89
106538.96,100809.8,95080.64
106599.2,101477.04,96354.88
106614.26,101995.33,97376.39
106614.26,102371.25,98128.24
106614.26,102566.02,98517.79
106614.26,102623.13,98631.99
107819.07,103690.81,99562.55
109540.94,105213.91,100886.88
111187.51,106676.95,102166.4
112261.8,107627.86,102993.93
112763.8,108060.71,103357.62
112693.52,107975.49,103257.46
112382.28,107674.3,102966.32
112050.96,107358.53,102666.11
111810,107128.88,102447.77
111659.39,106985.35,102311.31
111599.15,106927.94,102256.73
111584.09,106913.59,102243.08
111584.09,106913.59,102243.08
111584.09,106913.59,102243.08
111584.09,106913.59,102243.08
117812.6,112721.54,107630.49
126714.17,121022.08,115329.99
135226.45,128959.62,122692.78
140780.2,134138.38,127496.55
143375.41,136558.36,129741.31
143012.08,134934.48,126856.89
141403.05,131597.5,121791.96
139690.21,128244.04,116797.88
138444.51,126270.71,114096.9
137665.95,125152.65,112639.36
132753.84,121207.37,109660.9
126100.84,116007.31,105913.78
119813.25,112385.81,104958.38
115710.97,110967.32,106223.67
113794.02,111227.79,108661.56
113422.65,111047.25,108671.85
113696.86,110320.98,106945.11
114087.74,109143.71,104199.69
114437.44,108184.71,101931.98
114745.96,107661.11,100576.25
114010.94,106644.89,99278.84
112801.15,105444.53,98087.91
111607.16,104383.41,97159.66
110841.32,103748.66,96656.01
110503.63,103508.98,96514.32
110594.09,103544.47,96494.86
110861.03,103685.69,96510.34
112139.07,104332.39,96525.71
113772.11,105165.16,96558.21
115267.32,105937.58,96607.84
116211.23,106442.9,96674.58
116641.41,106691.74,96742.07
115580.56,106189.97,96799.38
113889.05,105365.06,96841.06
112243.48,104555.3,96867.11
111149.22,104013.38,96877.54
110606.26,103812.88,97019.5
110614.62,103916.64,97218.67
110861.03,104135.08,97409.12
111136.69,104335.04,97533.38
111337.16,104482.07,97626.98
111462.46,104566.05,97669.63
111512.58,104597.39,97682.19
111525.11,104600.33,97675.55
112527.49,105094.99,97662.48
114599.8,107936.73,101273.67
116884.01,111665.18,106446.36
118652.11,115024.44,111396.77
119000.46,114998.4,110996.34
118294.25,112805.05,107315.84
122364.1,114557.57,106751.05
128842.18,119003.48,109164.78
[/sr_band / WAVE_S]
[sr_band / WAVE_M]
sr_up,sr_mid,sr_down
69628.46,68404.04,67179.62
69628.46,68404.04,67179.62
69628.46,68404.04,67179.62
69628.46,68404.04,67179.62
69628.46,68404.04,67179.62
69628.46,68404.04,67179.62
69628.46,68404.04,67179.62
69628.46,68404.04,67179.62
69628.46,68404.04,67179.62
69628.46,68404.04,67179.62
69628.46,68404.04,67179.62
69628.46,68404.04,67179.62
69628.46,68404.04,67179.62
69628.46,68404.04,67179.62
69628.46,68404.04,67179.62
69628.46,68404.04,67179.62
69628.46,68404.04,67179.62
69628.46,68404.04,67179.62
69628.46,68404.04,67179.62
69628.46,68404.04,67179.62
69628.46,68404.04,67179.62
69628.46,68404.04,67179.62
69628.46,68404.04,67179.62
69628.46,68404.04,67179.62
69628.46,68404.04,67179.62
74656,73105.28,71554.57
81841.18,79824.14,77807.1
88712.15,86249.17,83786.19
93195.03,90441.11,87687.18
95289.84,92399.96,89510.08
94996.56,92125.72,89254.87
93697.78,90911.23,88124.68
92315.21,89618.39,86921.57
91309.71,88678.14,86046.58
90681.26,88090.49,85499.71
90429.89,87855.43,85280.96
90367.04,87796.66,85226.28
90367.04,87796.66,85226.28
90367.04,87796.66,85226.28
95988.19,93266.69,90545.18
104021.75,101084.26,98146.78
111703.99,108544.13,105384.27
116716.18,113398.94,110081.7
118402.68,115328.66,112254.63
117137.75,114466.8,111795.84
114789.57,112513.13,110236.68
112659.14,110635.29,108611.44
111261.72,109355.15,107448.59
110597.33,108669.82,106742.31
110485.64,108487.68,106489.72
110595.68,106346.78,102097.89
110726.81,103313.83,95900.84
110808.77,100387.44,89966.11
110841.55,98467.35,86093.14
110849.74,97566.04,84282.33
110849.74,98615.1,86380.46
110849.74,100494.77,90139.79
110849.74,102353.2,93856.65
110849.74,103610.58,96371.41
110849.74,104266.91,97684.07
111505.39,105969.21,100433.02
112442.42,108112.37,103782.32
113338.47,110109.99,106881.52
113923.09,111394.36,108865.64
114196.27,111965.48,109734.69
114158.03,111823.35,109488.67
113988.65,111386.35,108784.05
113808.35,110933.42,108058.49
113677.22,110604.02,107530.81
113595.26,110398.14,107201.01
113562.48,110315.79,107069.09
118683.8,111540.76,104397.71
126014.72,113320.86,100627
133025.06,115023.12,97021.18
137598.87,116133.74,94668.61
139736.17,116652.72,93569.28
139436.95,116580.06,93723.18
138111.82,116258.3,94404.77
136701.21,115915.77,95130.33
135675.3,115666.66,95658.01
135034.12,115510.96,95987.81
134777.64,115448.68,96119.73
134713.52,115433.12,96152.71
134713.52,115433.12,96152.71
134713.52,115433.12,96152.71
134713.52,115922.17,97130.81
134713.52,116621.1,98528.69
134713.52,117289.47,99865.43
134713.52,117725.54,100737.57
134713.52,117929.32,101145.11
134713.52,117900.79,101088.05
134713.52,117774.45,100835.38
134713.52,117150.91,99588.3
134713.52,116843.21,98972.91
134713.52,116812.65,98911.78
134713.52,117020.5,99327.47
134713.52,117246.68,99779.84
134713.52,117478.98,100244.44
129922.16,114881.3,99840.43
127865.87,113732.63,99599.39
[/sr_band / WAVE_M]
[sr_band / WAVE_L]
sr_up,sr_mid,sr_down
50593.46,38347.85,26102.24
50500.25,40589.35,30678.45
50529.28,44195.83,37862.39
50612.47,47259.1,43905.72
50701.04,49191.04,47681.03
50765.45,49694.75,48624.05
50640.29,49373.45,48106.62
50419.98,48731.63,47043.28
50197.93,48160.32,46122.71
50050.43,48214.52,46378.61
50146.93,48766.5,47386.08
50715.04,49771.41,48827.77
52263.59,51251.47,50239.34
54067.89,52683.06,51298.24
57620.38,54953.64,52286.9
61416.62,57247.91,53079.21
64497.42,59043.21,53588.99
66145.01,59958.68,53772.36
66663.07,60200.78,53738.49
65418.41,58984.2,52549.98
63513.32,57207.44,50901.56
61716.93,55536.28,49355.63
60536.54,54442.72,48348.9
59931.28,53898.88,47866.48
59876.65,53888.18,47899.71
60061.66,54106.83,48152
60285.79,54356.53,48427.27
60448.79,54538.13,48627.46
60550.67,54985.57,49420.46
60591.42,55508.22,50425.03
60601.61,55975.96,51350.31
60601.61,56273.72,51945.84
60601.61,56412.87,52224.13
59113.88,55315.58,51517.28
56987.67,53688.95,50390.23
54954.44,52191.46,49428.48
53627.88,51259.87,48891.86
53007.99,50861.08,48714.17
53094.78,50967.3,48839.83
53479.11,51269.62,49060.14
53654.16,51445.05,49235.95
53851.25,51592.99,49334.73
55539.57,52726.97,49914.37
57851.36,54285.96,50720.57
60014.37,55754.53,51494.7
61452.11,56733.53,52014.95
62118.81,57193.94,52269.06
62035.93,57144.8,52253.67
61634.04,56873.89,52113.73
61207.36,56582.36,51957.36
60746.52,56293.44,51840.35
60343.5,56054.83,51766.15
60067.02,55900.9,51734.78
59918.48,55822.35,51726.23
59857.75,55791.75,51725.76
59866.25,55796,51725.76
59903.9,55738.51,51573.13
59943.98,55649.49,51354.99
60118.86,55708.95,51299.03
61160.37,56418.4,51676.43
62531.63,57387.58,52243.54
63777.25,58284.72,52792.2
64564.7,58861.64,53158.59
64895.79,59105.25,53314.72
64810.6,59049.59,53288.59
64559.97,58874.68,53189.39
64306.7,58695.99,53085.27
64125.48,58567.25,53009.03
64016.31,58490.4,52964.48
63973.74,58460.77,52947.8
63963.55,58453.83,52944.11
63963.55,58453.83,52944.11
63963.55,58453.83,52944.11
63963.55,58453.83,52944.11
63963.55,58453.83,52944.11
63963.55,58453.83,52944.11
63963.55,58453.83,52944.11
63963.55,58453.83,52944.11
63963.55,58453.83,52944.11
63963.55,58453.83,52944.11
63963.55,58453.83,52944.11
63963.55,58453.83,52944.11
63963.55,58453.83,52944.11
75310.99,63903.56,52496.12
91528.37,71692.12,51855.87
107036.54,79140.08,51243.62
117154.67,83999.42,50844.17
121882.77,86270.14,50657.5
121220.84,85952.24,50683.64
118289.42,84544.39,50799.37
115168.87,83045.72,50922.56
112899.38,81955.77,51012.16
111480.95,81274.56,51068.16
114478.86,82784.71,51090.56
119432.4,85264.28,51096.16
124304.95,94989.85,65674.74
123918.71,97925.05,71931.38
120308.87,95664.55,71020.22
115228.34,89661.87,64095.4
111128.27,84149.42,57170.57
[/sr_band / WAVE_L]
[divergence / WAVE_S]
hma20,ema20
112918.344,106522.898
111777.506,107082.456
111042.738,107438.644
110061.903,107321.225
108895.307,107214.988
107908.38,107317.971
107248.551,107411.146
107063.003,107554.774
107384.753,107845.275
108000.437,108162.075
108709.656,108448.704
109430.593,108747.313
109959.008,108860.683
110096.854,108728.41
109623.141,108331.815
108729.62,107972.991
107858.647,107843.588
106766.219,107428.287
105166.17,106650.674
103241.838,105873.819
101169.212,105089.571
99266.932,104380.013
97525.885,103559.843
96049.759,102817.786
95134.844,102365.472
94681.834,101958.689
94652.667,101630.431
94985.964,101363.069
95789.046,101335.471
97127.535,101546.562
98729.133,101743.549
100210.274,101796.258
101781.11,102147.773
103812.051,102961.602
106682.935,104297.849
109954.605,105537.514
113143.176,106659.116
116042.406,107804.651
118786.157,109165.469
121708.749,110821.166
124564.223,112341.674
127080.931,113717.372
129218.673,115145.384
131206.474,116792.526
133170.151,118500.837
134984.274,120046.452
136778.141,121687.425
138280.225,123129.157
139110.943,124185.979
139365.415,125142.152
138802.068,125671.858
137985.136,126372.519
136610.749,126594.522
134311.427,126253.292
130906.071,125364.11
126981.856,124559.612
123270.018,123963.35
119849.163,123159.508
116688.637,122169.182
113919.661,121273.172
111906.149,120684.321
110709.68,120205.806
110124.317,119629.646
109750.733,118849.688
109173.201,117830.894
108467.679,116909.128
108119.501,116396.364
107674.423,115526.268
106607.294,114190.524
105119.956,112971.911
103288.202,111749.205
101376.123,110535.089
99676.037,109436.603
98853.65,108948.387
99502.63,109176.158
101169.231,109423.232
103521.494,109789.877
106248.427,110241.535
108989.598,110650.178
111242.818,110757.451
112360.589,110329.108
112280.604,109706.447
110818.22,108682.85
108557.18,107809.759
106350.125,107358.394
104438.141,106950.016
102408.729,106101.982
100548.043,105447.71
99328.173,105188.243
99285.769,105406.68
100532.325,105896.471
102556.466,106365.861
105258.489,107140.467
108484.65,108187.53
111765.737,109134.874
114611.482,109795.634
116614.806,110156.573
117781.826,110483.137
118791.5,111269.323
120319.266,112611.17
[/divergence / WAVE_S]
[divergence / WAVE_M]
hma20,ema20
77780.381,71999.13
78730.633,72677.655
79531.923,73315.126
80376.644,74085.035
81226.26,74847.65
82012.59,75537.636
82846.26,76315.013
83646.049,77057.297
84394.223,77767.708
85064.48,78435.483
85716.325,79155.364
86303.613,79806.684
86932.623,80529.496
87511.401,81183.469
87964.125,81754.234
88137.826,82143.028
88069.765,82494.794
87855.105,82818.582
87602.898,83145.899
87496.283,83567.266
87541.027,84000.006
87777.626,84483.09
88107.569,84920.167
88605.389,85438.917
89075.924,85810.252
89479.546,86140.099
89793.412,86438.532
90051.888,86759.681
90436.793,87212.69
90973.256,87721.845
92148.883,88703.479
94032.381,89922.899
96398.384,91175.041
99402.595,92788.001
102731.802,94421.931
105976.102,95900.249
109207.18,97550.793
112116.627,99074.935
114364.543,100314.084
115623.269,101173.347
115979.971,101950.776
115837.999,102798.296
115310.232,103491.803
114487.897,104058.566
113505.843,104571.351
112607.58,105154.986
111850.416,105683.037
111252.546,106129.57
110491.798,106231.787
109669.572,106324.269
108710.886,106271.062
107095.549,105656.457
105186.085,105100.386
102965.426,104364.484
100746.016,103698.668
98836.13,103151.216
97364.339,102715.884
96671.528,102599.134
96672.186,102558.431
97345.067,102694.98
99198.79,103485.735
102386.137,104773.677
106223.47,105940.942
110645.561,107454.404
115415.894,109219.823
120070.239,110908.291
124816.16,112939.022
129137.624,114780.073
132995.916,116674.992
136148.909,118392.947
138133.025,119701.419
138988.933,120776.916
138129.503,120998.731
136096.969,121174.281
133030.896,120958.04
129238.575,120500.959
125312.347,120087.41
121563.488,119659.075
117870.887,118893.606
114565.225,118201.039
111684.159,117428.857
108525.069,115954.775
105524.767,114621.081
102825.681,113377.126
101153.745,112713.308
100733.173,112375.687
101568.527,112427.281
103185.274,112473.961
104760.478,112164.276
105384.866,111206.374
105244.092,110283.339
104691.901,109448.212
103771.657,108532.864
103162.442,108113.29
103221.46,108181.03
104063.974,108551.335
105713.583,109160.654
107722.631,109660.56
109843.49,110112.855
112454.506,111017.389
[/divergence / WAVE_M]
[divergence / WAVE_L]
hma20,ema20
47848.79,50229.256
47036.226,49896.684
46477.227,49639.664
46358.507,49603.193
46629.238,49654.649
47122.192,49696.44
47730.672,49731.169
48248.213,49651.721
48688,49579.839
49107.098,49572.879
49581.368,49673.123
50122.526,49836.2
51028.527,50329.576
52126.358,50808.501
53490.241,51448.601
55003.99,52099.93
56653.528,52857.872
58329.806,53595.371
59608.986,54054.546
60172.476,54206.122
60145.887,54343.263
59689.217,54448.994
58854.088,54419.103
57848.055,54388.413
56657.744,54256.307
55392.21,54097.81
54173.236,53934.866
53105.55,53782.931
52287.426,53645.467
51789.867,53573.169
51662.289,53611.602
51849.01,53692.853
52088.594,53633.378
52150.149,53424.305
52076.428,53235.143
52010.359,53141.297
51986.272,53056.389
52020.173,52996.262
52178.335,53044.159
52339.007,53046.269
52488.352,53048.179
52723.646,53134.179
53133.96,53313.879
53867.528,53663.276
54884.028,54098.812
56000.986,54513.246
57065.157,54888.21
58045.246,55291.281
58974.312,55739.773
59733.164,56079.342
60210.977,56306.832
60142.775,56268.801
59381.389,55980.737
58197.894,55720.107
56776.732,55419.479
55345.898,55131.453
54052.276,54870.858
53200.976,54864.15
53356.386,55406.835
54566.115,56198.735
56598.672,57073.823
59027.573,57890.988
61477.569,58651.102
63953.379,59561.856
66611.412,60716.252
69371.812,61940.44
72143.553,63241.258
74757.77,64572.795
77384.692,66172.676
79927.491,67747.162
82483.62,69428.73
84840.053,70965.645
86840.942,72396.094
88511.915,73812.754
89751.716,75094.493
90629.932,76299.8
91454.366,77653.113
92905.168,79552.03
95491.92,82012.875
98994.774,84563.873
102842.435,86957.817
106595.041,89225.81
109838.003,91241.862
112443.63,93065.909
113812.386,94202.516
113938.817,95047.987
113112.931,95812.937
112718.249,97477.154
113554.878,99737.291
115472.085,102026.722
117927.518,104098.112
120562.77,106134.342
122740.168,107693.806
124288.453,108953.442
124373.206,109249.457
123369.657,109517.281
121434.522,109567.706
118496.018,109235.419
115522.483,109268.101
112778.434,109297.671
[/divergence / WAVE_L]
[price_index / WAVE_S]
ap1,ap2
108616.03,109181.58
112394.67,110777.62
110764.84,110795.66
105765.04,108706.54
105679.18,107631.86
107849.79,107989.75
107896.46,108101.59
108604.03,108403.46
110426.49,109303.96
111095.49,110010.19
111215.29,110401.79
111702.18,110826.05
109991.17,110326.34
107339.84,108963.74
104208.37,106948.38
104172.95,105875.1
106299.6,106200
103019.79,104901.64
98565.4,102343.31
97755.03,100656.25
96889.74,99323.78
96966.35,98553.24
95044.82,97247.45
95139.76,96528.01
97557.73,97144.8
97701.83,97416.03
98216.39,97740.96
98613.41,98057.47
100990.77,99257.72
103642.49,101006.72
103830.45,101965.88
102516.5,101933.07
105859.3,103443.03
111323.03,106591.97
117979.68,111088.46
118247.19,113600.85
118305.55,115073.19
119668.43,116587.68
123150.46,118998.97
127732.27,122320.2
127882.96,124199.8
127847.86,125293.74
129735.66,126820.34
133544.53,129350.49
135827.66,131725.64
135680,133010.58
138234.38,134909.09
137653.32,135733.98
134905.2,135067.81
134758,134779.68
131079.47,133073.19
133387.53,133260.95
128724.36,131355
122508.06,127821.6
115885.34,123270.38
115832.55,120818.03
117303.11,119987.75
114444.48,118147.03
111627.74,115868.71
111746.8,114600.14
114217.87,114880.28
114953.59,115173.8
113476.82,114604.61
110694.05,113095.13
107316.57,110860.33
107396.76,109681.14
110919.51,110531.48
106516.73,109005.84
100486.59,105694.67
100411.82,103936.03
99151.64,102361.92
98035.04,100970.16
98170.72,100165.29
103765.62,102076.62
111329.86,106157.36
112063.46,108413.92
113811.56,110347.58
115207.54,112007.14
115194.21,112946.28
112334.49,112285.48
106551.43,109569.74
103817.15,107122.82
98585.39,103693.29
99042.95,102104.24
102719.31,102761.29
102785.31,102955.39
97493.13,100772.19
98702.68,100176.62
102361.09,101368.76
107438.65,104068.73
110824.68,106817.54
111240.41,108394.35
115198.11,110964.51
119042.25,113991.35
119004.58,115626.19
116905.4,115684.99
114275.23,114738.47
114120.98,114303.38
119494.4,116414.14
126412.69,120444.82
[/price_index / WAVE_S]
[price_index / WAVE_M]
ap1,ap2
79445.9,77636.42
79482.43,78254.52
79695.48,78713.85
81772.9,79893.13
82454.72,80824.85
82445.62,81338.91
84080.55,82364.98
84487.74,83099.25
84900.23,83697.31
85124.39,84149.22
86346.95,84953.45
86330.88,85384.09
87749.49,86262.47
87721.72,86727.03
87469.68,86894.76
86065.98,86405.43
86013.72,86171.25
86044.9,86068.9
86395.95,86165.04
87759.83,86799.52
88327.32,87356.15
89308.23,88079.17
89298.84,88460.56
90619.94,89261.38
89530.49,89215.62
89434.43,89193.95
89418.85,89193.31
89963.61,89441.8
91729.33,90340.4
92801.73,91272.53
98491.74,94236.28
102127.49,97332.51
103741.04,99687.43
109030.08,103282.2
110938.82,106044.17
110985.7,107607.25
114340.64,110026.36
114632.6,111503.99
113022.57,111710.33
110140.9,110703.92
109936.36,110225.58
111396.91,110647.08
110585.54,110508.14
109828.09,110148.31
109725.85,109942.24
110961.49,110368.95
110864.53,110533.21
110458.75,110442.97
106987,108947.75
106929.74,108207.9
105349.28,107137.24
98959.23,103907.03
99000.83,102216.22
96469.94,100171.2
96570.22,99024.43
97256.32,98582.95
98001.32,98550.77
101074.28,99794.23
101898.11,100691.3
103866.35,101978.99
111292.52,105852.32
117721.34,110568.51
117926.5,113102.52
122990.12,116736.89
127399.53,120614.08
128382.22,123196.98
133799.75,127073.26
133668.96,129195.49
136050.59,131522.03
135905.42,132835.62
133319.5,132506.57
132065.62,131947.07
123736.5,128197.32
123103.71,126163.66
118681.69,123239.54
115465.9,120367.09
115274.64,118734.42
114632.24,117466.79
110449.76,114914
110444.17,113543.81
108820.4,112032.19
100264.66,107550.2
100409.72,105183.91
100121.26,103647.4
105253.41,104908.72
108399.81,106675.76
112553.73,109242.17
112835.91,110577.94
109117.59,109696.46
101525.74,106157.89
100796.73,104127.11
100816.34,103013.51
99079.53,101614.69
103645.86,102772.68
108776.56,105405.04
112437.15,108202.97
115607.64,110973.36
115137.74,112236.93
115124.25,112995.67
120542.94,115806.85
[/price_index / WAVE_M]
[price_index / WAVE_L]
ap1,ap2
45146.56,46652.45
46420.99,46757.77
46958.53,46963.48
49191,47976.51
50221.57,48881.11
50221.38,49335.63
50204.45,49583.62
48989.79,49216.82
48964.93,49051.72
49596.89,49242.15
50787.98,49838.22
51587.32,50480.43
55379.44,52454.09
55719.16,53622.68
57973.55,55248.07
58732.68,56464.03
60554.74,57941.68
61109.38,58996.66
58877.13,58633.01
55943.86,57285.73
55837.45,56627.09
55582.58,56185.58
54158.25,55343.99
54063.35,54872.78
52854.84,54106.8
52351.15,53499.45
52105.12,53056.91
52065.33,52769.91
52087.64,52585.94
52675.06,52711.08
53826.94,53241.86
54385.31,53721.97
52967.94,53356.46
51267.26,52480.13
51258,52045.51
52146.9,52179.12
52187.82,52222.49
52400.82,52310.71
53569.46,52839.66
53140.86,52911.38
53146.96,52961.93
54111.39,53402.87
55255.7,54111
57310.48,55359.88
58617.95,56572.44
58815.31,57317.8
58779.99,57746.85
59445.47,58313.82
60330.63,59026.29
59596.26,59104.27
58708.5,58804.58
56023.26,57532.84
53142.94,55707.31
53065.16,54749.25
52302.13,53898.59
52118.5,53328.1
52131.21,52979.16
54636.61,53841.66
60742.96,56858.77
64167.13,59808
65971.78,62125.37
66247.09,63527.8
66433.66,64447.96
68849.49,66064.41
72467.75,68516.67
74418.77,70683.75
76469.51,72794.81
78084.74,74689.03
82364.41,77620.08
83660.19,79785.72
86400.35,82209.16
86444.89,83602.42
86761.86,84597.25
88006.96,85759.27
87920.34,86404.38
88320.12,86996.62
91128.37,88575.65
98506.29,92595.4
106691.83,98189.22
110210.22,102661.16
111005.03,105512.8
111978.61,107635.34
111519.47,108715.41
111533.81,109419.54
105864.95,107482.74
103610.45,105706.43
103403.45,104764.95
114010.6,108839.59
122332.92,114385.59
125022.51,118381.29
124947.61,120546.61
126738.71,122598.77
123598.3,122464.1
121937.54,121873.91
112160.52,117693
111750.31,115552.42
109383.63,113427.63
105019.23,110455.53
108572.01,110414.64
108678.61,110221.19
[/price_index / WAVE_L]
[fund_updown_bb / FUND_WAVE_L]
datetime,fund_open,fund_high,fund_low,fund_close,fund_volume,fund_upbb_u,fund_upbb_m,fund_upbb_l
2026-01-13,1292.524,1401.71,1283.671,1366.229,915773,1490.37,932.18,581.67
2026-01-14,1345.015,1380.372,1204.654,1222.482,555762,1554.79,974.28,563.93
2026-01-15,1219.935,1566.851,1204.654,1546.039,1831482,1621.15,1020.71,575.35
2026-01-16,1415.221,1566.851,1400.355,1467.633,911607,1657.34,1082.47,613.06
2026-01-19,1518.83,1518.83,1269.571,1302.646,526202,1644.88,1146.54,662.82
2026-01-20,1292.469,1330.632,1160.704,1178.653,700389,1591.82,1208.64,753.26
2026-01-21,1203.782,1206.175,1047.744,1093.698,749912,1567.66,1250.85,867.33
2026-01-22,1093.698,1114.377,1003.325,1027.616,536547,1560.04,1266.44,962.73
2026-01-23,1038.177,1041.346,944.118,991.323,542391,1566.48,1266.97,972.31
2026-01-26,961.82,1072.334,944.118,1070.28,941012,1597.87,1259.57,961.59
2026-01-27,1029.194,1090.203,1017.896,1079.918,809498,1622.91,1245.94,946.27
2026-01-28,1065.519,2066.301,1051.12,2059.402,3531100,1664.13,1228.69,921.77
2026-01-29,1897.272,2492.376,1883.473,2259.594,2454200,1873.08,1255.04,907.32
2026-01-30,2488.363,3339.237,2111.095,3074.944,3663744,2332.73,1299.91,853.36
2026-02-02,2912.303,3339.237,2853.907,2927.588,1655979,2787.91,1395.3,725.52
2026-02-03,3045.478,3099.51,2710.557,2795.542,1063283,3147.72,1512.05,501.9
2026-02-04,2826.852,2862.635,2382.307,2415.281,1063532,3420.54,1647.62,386.18
2026-02-05,2514.2,2551.295,2001.724,2012.683,695788,3602.56,1785.25,411.3
2026-02-06,2041.905,2107.655,1662.524,1731.25,685979,3667.61,1905.31,519.5
2026-02-09,1701.796,1777.067,1534.776,1566.451,511576,3592.89,2003.95,669.5
2026-02-10,1598.126,1606.764,1352.345,1352.345,542599,3383.38,2083.96,832.48
2026-02-11,1416.866,1419.446,1142.552,1169.331,326684,3271.94,2145.29,977.28
2026-02-12,1169.331,1182.72,1058.904,1067.096,514656,3323.37,2141.79,1085.67
2026-02-13,1103.963,1106.012,920.379,929.564,388635,3416.64,2093.04,985.14
2026-02-19,947.935,957.121,897.039,907.613,572902,3397.95,1976.12,808.52
2026-02-20,916.424,928.761,815.228,826.506,393899,3294.26,1827.76,651.77
2026-02-23,839.395,842.617,777.404,785.041,466676,3106.55,1662.99,585.29
2026-02-24,798.787,831.647,777.404,825.464,634109,2841.65,1496.91,557.2
2026-02-25,794.547,947.827,783.727,899.349,851465,2527.86,1352.68,545.82
2026-02-26,946.156,947.827,892.663,927.856,654725,2222.36,1235.37,564.57
2026-02-27,926.184,934.543,833.424,855.606,483484,1952.02,1138.58,609.3
2026-03-03,839.762,970.991,833.424,880.068,876842,1702.95,1060.89,652.5
2026-03-04,898.939,970.991,762.228,773.886,824160,1478.21,1000.9,692.16
2026-03-05,885.082,921.967,762.228,881.422,642138,1305.12,956,717.81
2026-03-06,829.418,1244.898,819.722,1234.073,1477360,1175.75,926.46,745.28
2026-03-09,1082.52,1244.898,1038.827,1065.569,636246,1145.11,920.65,766.9
2026-03-10,1098.482,1108.767,1003.227,1032.618,614148,1163.67,924.53,760.18
2026-03-11,1097.279,1097.279,971.685,986.492,554501,1189.15,935.7,740.4
2026-03-12,997.597,1027.21,859.821,878.33,395313,1204.51,948.5,740.62
2026-03-13,885.06,895.156,760.318,793.974,359599,1206.89,955.17,743.14
2026-03-16,764.907,971.466,760.318,964.576,975957,1202.45,956.49,737.05
2026-03-17,887.065,1089.854,880.175,1045.445,924625,1196.52,957.11,732.05
2026-03-18,1086.153,1271.074,1030.643,1245.987,1194598,1203.13,966.67,738.54
2026-03-19,1218.809,1328.714,1202.085,1298.467,955288,1226.22,987.34,749.42
2026-03-20,1246.615,1453.452,1232.572,1430.563,1097095,1301.48,1016.3,739.03
2026-03-23,1389.363,1453.452,1225.833,1232.342,662564,1375.95,1038.83,724.52
2026-03-24,1306.109,1336.484,1110.83,1134.805,513230,1432.79,1061.05,707.89
2026-03-25,1196.74,1430.045,1110.83,1392.237,1224737,1483.56,1084.71,700.76
2026-03-26,1301.052,1477.572,1285.484,1350.791,1029359,1535.78,1111.16,706.71
2026-03-27,1415.334,1477.572,1186.15,1220.909,642709,1576.35,1146.27,731.08
2026-03-30,1229.599,1266.53,1015.445,1043.82,565460,1575.58,1181.74,791.13
2026-03-31,1066.116,1068.142,910.165,917.903,612650,1532.4,1207.76,863.89
2026-04-01,957.559,976.904,907.975,953.013,497108,1505.14,1218.82,925.35
2026-04-02,922.387,994.635,887.082,899.952,777633,1533.93,1218.26,932.99
2026-04-03,994.635,994.635,807.126,817.854,351846,1570.08,1202.26,877.59
2026-04-06,833.535,1040.233,807.126,984.248,950326,1584.28,1172.24,819.65
2026-04-07,939.099,1086.11,935.487,1069.486,787566,1577.07,1142.22,778.48
2026-04-08,1071.333,1724.342,1032.543,1724.342,2071095,1572.11,1116.17,760.43
2026-04-09,1559.516,1908.36,1534.158,1846.278,1312616,1636.29,1119.89,762.56
2026-04-10,1784.196,1908.36,1773.399,1805.979,964130,1740.61,1142.56,754.48
2026-04-13,1880.234,1901.449,1567.795,1586.915,525302,1856.34,1178.19,652.29
2026-04-14,1601.254,1649.053,1478.121,1489.353,654624,1962.74,1219.92,600.67
2026-04-15,1538.774,1953.737,1478.121,1897.687,1706699,2066.53,1271.21,589.14
2026-04-16,1836.299,2133.313,1726.868,2092.076,1201601,2180.89,1332.57,609.54
2026-04-17,1921.631,2133.313,1839.341,1909.506,600176,2266.76,1417.65,654.76
2026-04-20,1866.906,1961.158,1835.821,1924.294,886420,2284.77,1510.13,731.63
2026-04-21,1872.685,1961.158,1793.105,1834.698,674571,2204.85,1601.43,850.45
2026-04-22,1860.116,2131.586,1793.105,2104.85,1139156,2168.96,1687.32,1010.63
2026-04-23,1968.74,2131.586,1900.684,2010.904,841113,2175.16,1752.24,1216.5
2026-04-24,2056.012,2056.012,1928.268,2019.116,727955,2186.23,1796.96,1334.51
2026-04-27,1935.081,2053.185,1776.09,1840.286,632018,2189.42,1833.11,1375.66
2026-04-28,1902.342,1913.041,1713.243,1768.443,650923,2167.19,1867.59,1431.01
2026-04-29,1766.398,1799.109,1661.858,1764.613,666479,2114.32,1899.93,1503.89
2026-04-30,1661.858,1778.445,1602.182,1620.812,552297,2127.64,1915.16,1597.91
2026-05-04,1648.757,1730.729,1524.044,1553.997,531426,2153.92,1905.61,1614.36
2026-05-06,1573.377,1908.187,1524.044,1890.052,1185113,2163.81,1890.54,1572.16
2026-05-07,1837.663,2838.841,1757.063,2718.854,1841754,2272.46,1881.4,1532.41
2026-05-08,2614.184,3079.723,2540.15,2976.894,1034255,2518.71,1914.25,1523.64
2026-05-11,2670.978,3079.723,2627.276,2712.671,628072,2765.42,1968.87,1456
2026-05-12,2838.676,2838.676,2295.049,2584.828,814799,2944.05,2026.77,1352.32
2026-05-13,2656.693,2777.241,2285.718,2481.264,622740,3081.24,2083.35,1303.69
2026-05-14,2324.827,2485.609,2188.563,2237.469,586390,3182.61,2146.12,1296.16
2026-05-15,2294.527,2323.056,2024.381,2055.115,819660,3220.22,2198.75,1323.85
2026-05-18,2276.404,2282.551,1811.184,1991.707,674508,3197.99,2247.23,1375.29
2026-05-19,1940.129,2023.448,1811.184,1857.895,578107,3118.81,2286.62,1449.13
2026-05-20,1876.718,2117.048,1820.247,2042.144,910745,2990.9,2319.22,1543.31
2026-05-21,1992.864,3059.064,1915.988,2964.575,1537062,2970.13,2347.08,1657.83
2026-05-22,2598.433,3105.706,2577.173,3032.09,804001,3006.64,2374.11,1756.81
2026-05-26,2822.742,3538.895,2774.431,3333.087,1310338,3131.34,2392.01,1758.63
2026-05-27,3413.402,3538.895,3020.027,3032.455,935107,3305.85,2431.57,1718.4
2026-05-28,3455.01,3455.01,2704.275,2909.6,1008956,3468.32,2472,1626.32
2026-05-29,3042.31,3042.31,2704.275,2895.12,877388,3602.28,2520.46,1575.25
2026-06-01,2914.731,3188.736,2690.917,2696.299,1428465,3674.48,2573.83,1559.38
2026-06-02,3188.736,3188.736,2530.123,2902.691,1228491,3718.81,2638.38,1604.27
2026-06-04,2788.696,3327.293,2530.123,3095.283,988949,3729.76,2718.32,1696.92
2026-06-05,2893.298,3327.293,2631.224,2814.289,1074009,3605.48,2809.94,1835.14
2026-06-08,2732.32,2904.456,2260.56,2539.955,693105,3505.99,2897.74,2012.24
2026-06-09,2316.439,2956.409,2260.56,2888.647,935079,3394.49,2933.23,2237.87
2026-06-10,2710.46,3347.297,2665.285,2918.224,1286578,3383.3,2945.22,2317.94
2026-06-11,3059.472,4639.668,2835.608,4478.406,2402891,3683.16,2935.75,2332.98
[/fund_updown_bb / FUND_WAVE_L]
