[meta]
code,042700
name,한미반도체
[/meta]
[raw_daily / RAW]
datetime,open,high,low,close,volume
2026-01-14,177800,185900,175200,177800,3285414
2026-01-15,173500,180000,173000,180000,1266591
2026-01-16,185700,185700,176900,178500,1282769
2026-01-19,176500,180500,176000,177500,968084
2026-01-20,176400,176400,169600,172100,974249
2026-01-21,167400,173300,165500,172200,1012880
2026-01-22,178700,178800,169400,170400,1034728
2026-01-23,169800,173800,168900,171100,644666
2026-01-26,171200,171400,168400,169500,753397
2026-01-27,169800,175800,164700,174800,1620819
2026-01-28,182000,184900,177600,182000,2220792
2026-01-29,198900,210000,189000,203500,7160116
2026-01-30,199900,220000,198400,211000,4364912
2026-02-02,205000,205000,186100,187100,2807793
2026-02-03,197500,199300,191300,199300,1841243
2026-02-04,194000,208000,191900,202500,1487504
2026-02-05,197100,200500,191700,193500,1211016
2026-02-06,190800,199400,180400,196000,1470302
2026-02-09,202500,203000,193700,197800,1365865
2026-02-10,197000,201000,194000,194900,825009
2026-02-11,192700,193900,187500,190500,670835
2026-02-12,200500,224500,199400,209500,5790612
2026-02-13,205500,208500,200000,202500,1093939
2026-02-19,207000,207500,200000,201500,817087
2026-02-20,200500,202000,197300,200500,836127
2026-02-23,201500,208500,200500,204000,939820
2026-02-24,203500,214000,196800,210000,1645860
2026-02-25,210500,215500,208000,214500,1064978
2026-02-26,233000,277500,228000,275500,6002195
2026-02-27,263500,332500,261500,323500,6683384
2026-03-03,314000,319500,280000,282000,2299627
2026-03-04,261500,300000,251500,259000,4796391
2026-03-05,302000,323000,301000,315000,3089855
2026-03-06,326000,334000,305000,333500,2232244
2026-03-09,303500,313500,293000,305000,1519978
2026-03-10,334500,335500,306500,324000,1602070
2026-03-11,326500,327500,303500,312500,1091554
2026-03-12,305000,317000,303500,317000,790870
2026-03-13,303000,313000,299000,305500,830276
2026-03-16,304500,305000,290000,300000,879249
2026-03-17,317500,318000,300000,301000,656744
2026-03-18,308500,312500,302000,311000,920505
2026-03-19,301000,313500,300000,307000,788358
2026-03-20,310000,318500,307500,309500,680315
2026-03-23,301500,313000,296000,297000,788575
2026-03-24,309500,309500,286500,296500,853963
2026-03-25,300500,304000,296500,300000,675633
2026-03-26,296000,298500,277000,278000,650141
2026-03-27,269000,281000,257000,275500,773071
2026-03-30,259500,264500,253500,260500,596465
2026-03-31,251000,265000,242500,251000,886467
2026-04-01,265500,275000,260000,273500,815377
2026-04-02,280500,282500,251500,256000,850313
2026-04-03,264000,264500,252500,260000,528858
2026-04-06,259500,263500,248500,252000,577342
2026-04-07,260500,262000,247500,253500,579361
2026-04-08,277000,281500,267500,280500,1027627
2026-04-09,278000,286000,271500,286000,646513
2026-04-10,290000,290500,278500,286000,1087130
2026-04-13,278000,280000,275000,276500,387276
2026-04-14,285000,286000,280500,284000,558026
2026-04-15,296000,296500,289500,295000,898476
2026-04-16,294000,295000,288000,292000,458794
2026-04-17,290500,291000,285500,286500,359159
2026-04-20,286500,290000,282500,287000,317137
2026-04-21,287500,295000,287500,295000,496193
2026-04-22,292000,295000,286000,293500,684772
2026-04-23,295000,306500,283000,293500,1047056
2026-04-24,292000,298000,291000,295500,570284
2026-04-27,305000,379500,302000,373500,5287941
2026-04-28,367000,377500,352500,367000,1775578
2026-04-29,357000,362500,348000,357500,886254
2026-04-30,367000,392500,361500,368000,2575384
2026-05-04,385000,386000,372500,378000,1064176
2026-05-06,395500,397500,378500,394500,1441060
2026-05-07,398000,413000,371000,393000,1232988
2026-05-08,385000,392000,379000,390000,699479
2026-05-11,392500,401500,389000,400000,1138423
2026-05-12,397500,426000,358000,377500,2277368
2026-05-13,371000,400500,365500,400500,1015741
2026-05-14,393000,409500,385000,409500,1085030
2026-05-15,405000,406000,365000,369000,1042610
2026-05-18,337000,338000,296500,317000,2398380
2026-05-19,303000,305500,277000,288000,1365281
2026-05-20,295000,300500,283000,287500,1190665
2026-05-21,298000,334000,296500,332500,1291819
2026-05-22,326500,329500,315000,320500,721171
2026-05-26,328500,333000,317000,329000,1002035
2026-05-27,350500,354000,312000,319000,1860431
2026-05-28,313000,313000,284000,292500,1395171
2026-05-29,301000,301000,277500,282000,1603208
2026-06-01,289500,299000,285500,293000,1225560
2026-06-02,295500,296500,273000,275500,1077612
2026-06-04,281000,325000,280000,304000,2395265
2026-06-05,294000,298500,278000,283000,967822
2026-06-08,250500,275500,250500,253500,954331
2026-06-09,269000,284000,255500,276500,851234
2026-06-10,270000,302500,261000,270000,1022229
2026-06-11,262500,291000,259000,291000,1379286
2026-06-12,306000,372500,298000,361000,6018622
[/raw_daily / RAW]
[updown_bb / WAVE_S]
datetime,open,high,low,close,upbb_u,upbb_m,upbb_l,rsi,stoch
2026-05-13 04:48,4043.997,4043.997,3984.046,4032.01,5002.41,4469.47,3913.77,44.83,52.42
2026-05-13 09:36,4032.01,4139.926,4032.01,4139.926,5006.45,4479.02,3955.02,38.2,26.21
2026-05-13 14:24,4139.926,4247.841,4139.926,4247.841,5049.41,4467.97,3952.94,37.25,16.53
2026-05-13 19:12,4247.841,4355.757,4247.841,4355.757,5044.97,4436.05,3922.21,39.93,14.68
2026-05-14 00:00,4355.757,4365.555,4267.438,4267.438,5021.97,4403.63,3915.12,44.08,18.46
2026-05-14 04:48,4095.49,4263.442,4095.49,4263.442,4956.4,4371.2,3914.78,44.08,20.34
2026-05-14 09:36,4263.442,4267.438,4103.482,4103.482,4843.04,4323.36,3963.32,40.64,16.88
2026-05-14 14:24,4103.482,4103.482,3935.53,3935.53,4679.9,4277.6,4015.73,40.64,18.63
2026-05-14 19:12,3935.53,3935.53,3767.578,3767.578,4523.2,4244.35,3955.1,36.81,13.46
2026-05-15 00:00,3767.578,3767.578,3639.511,3679.396,4473.88,4216.78,3843.97,30.84,6.73
2026-05-15 14:24,4038.361,4048.333,3894.509,3894.509,4447.93,4176.46,3769.16,25.18,11.33
2026-05-16 04:48,3894.509,3894.509,3730.713,3730.713,4457.06,4150.43,3710.63,26.52,15.06
2026-05-16 19:12,3730.713,3730.713,3566.918,3566.918,4467.14,4116.89,3626.89,22.73,11.96
2026-05-17 09:36,3566.918,3566.918,3479.929,3556.736,4466.74,4067.83,3531.26,18.89,8.09
2026-05-18 00:00,3556.736,3720.532,3556.736,3720.532,4455.61,4009.1,3471.11,17.66,5.96
2026-05-18 04:48,3955.265,3967.002,3796.364,3796.364,4388.49,3950.36,3442.23,17.66,5.07
2026-05-18 09:36,3796.364,3796.364,3613.989,3613.989,4308.11,3907.51,3462.39,30.86,14.24
2026-05-18 14:24,3613.989,3613.989,3431.613,3431.613,4203.91,3856.31,3465.9,27.12,11.84
2026-05-18 19:12,3431.613,3431.613,3249.238,3249.238,4116.08,3798.42,3411.27,22.64,7.87
2026-05-19 00:00,3249.238,3320.513,3193.688,3320.513,4084.56,3736.34,3318.33,18.63,5.13
2026-05-19 04:48,3493.457,3522.28,3458.602,3458.602,4077.13,3687,3261.12,18.63,4.14
2026-05-19 09:36,3458.602,3458.602,3366.101,3366.101,4032.52,3639.26,3252.38,21.87,7.2
2026-05-19 14:24,3366.101,3366.101,3273.601,3273.601,3981.28,3596.42,3226.84,20.35,6.72
2026-05-19 19:12,3273.601,3273.601,3181.1,3181.1,3952.93,3559.26,3179.85,18.33,4.99
2026-05-20 00:00,3181.1,3188.411,3138.505,3188.411,3952.79,3519.01,3129.04,16.25,3.37
2026-05-20 04:48,3271.587,3271.587,3141.473,3141.473,3909.44,3478.69,3089.65,16.23,5.54
2026-05-20 09:36,3141.473,3265.651,3138.505,3265.651,3831.03,3422.48,3093.3,14.83,3.77
2026-05-20 14:24,3265.651,3395.765,3265.651,3395.765,3719.79,3374.6,3101.92,14.83,3.22
2026-05-20 19:12,3395.765,3525.879,3395.765,3525.879,3618.93,3346.17,3105.61,25.91,18.01
2026-05-21 00:00,3525.879,3639.647,3525.879,3623.301,3584.42,3341.5,3107.22,37.64,44.2
2026-05-21 04:48,3247.35,3444.134,3247.35,3444.134,3584.23,3343.14,3108.1,44.23,69.93
2026-05-21 09:36,3444.134,3639.647,3444.134,3638.376,3596.88,3342.05,3120.52,44.23,84.96
2026-05-21 14:24,3638.376,3638.376,3441.592,3441.592,3628.03,3348.85,3111.38,47.75,92.48
2026-05-21 19:12,3441.592,3441.592,3244.808,3244.808,3663.08,3362.21,3110.07,47.75,96.24
2026-05-22 00:00,3244.808,3244.808,3102.189,3156.354,3675.47,3380.05,3113.34,44.43,92.38
2026-05-22 19:12,3215.443,3244.988,3196.037,3196.037,3662.18,3381.79,3122.75,31.73,60.65
2026-05-23 14:24,3196.037,3196.037,3117.541,3117.541,3651.07,3384.44,3126.45,29.31,35.4
2026-05-24 09:36,3117.541,3117.541,3039.045,3039.045,3664.22,3381.2,3105.58,26.2,18.01
2026-05-25 04:48,3039.045,3039.045,2995.446,3030.343,3695.44,3364.05,3053.14,23.1,9.12
2026-05-26 00:00,3030.343,3108.839,3030.343,3108.839,3713.17,3334.64,3001.97,21.87,5.95
2026-05-26 04:48,3104.114,3124.446,2995.446,3124.446,3708.16,3298.92,2956.97,21.87,4.37
2026-05-26 09:36,3124.446,3362.114,3124.446,3362.114,3664.34,3264.21,2926.73,23.63,4.83
2026-05-26 14:24,3362.114,3599.783,3362.114,3599.783,3606.88,3237.28,2940.03,40.09,18.83
2026-05-26 19:12,3599.783,3708.463,3579.475,3579.475,3580.86,3226.51,2968.22,55.64,49.07
2026-05-27 00:00,3579.475,3579.475,3341.807,3341.807,3589.27,3226.31,2938.08,60.84,74.54
2026-05-27 04:48,3671.798,3708.463,3578.386,3578.386,3659.22,3242.28,2917.16,60.84,87.27
2026-05-27 09:36,3578.386,3578.386,3411.645,3411.645,3723.89,3270.97,2886.31,66.4,93.63
2026-05-27 14:24,3411.645,3411.645,3244.903,3244.903,3771.9,3299.46,2893.1,59.66,90.09
2026-05-27 19:12,3244.903,3244.903,3078.162,3078.162,3784.59,3324.11,2920.28,49.92,76.68
2026-05-28 00:00,3078.162,3091.072,3001.246,3091.072,3757.64,3338.9,2941.32,40.94,55.21
2026-05-28 04:48,3307.711,3307.711,3228.106,3228.106,3716.22,3353.68,2973.4,40.94,43.58
2026-05-28 09:36,3228.106,3228.106,3148.502,3148.502,3701.46,3368.75,3018.73,42.24,29.9
2026-05-28 14:24,3148.502,3148.502,3068.897,3068.897,3716.84,3367.9,3037.71,38.67,19.18
2026-05-28 19:12,3068.897,3068.897,3001.246,3013.199,3720.19,3344.73,3001.23,34.56,11.79
2026-05-29 00:00,3013.199,3092.804,3013.199,3092.804,3715.44,3308.36,2961.96,31.14,6.31
2026-05-29 14:24,3301.185,3301.185,3231.596,3231.596,3658.56,3271.98,2937.04,31.14,3.57
2026-05-30 04:48,3231.596,3231.596,3162.007,3162.007,3577.82,3236.79,2976.6,42.89,14.62
2026-05-30 19:12,3162.007,3162.007,3092.418,3092.418,3473.29,3206.73,3017.78,42.11,23.2
2026-05-31 09:36,3092.418,3092.418,3043.451,3064.073,3374.99,3183.05,3029.2,38.67,26
2026-06-01 00:00,3064.073,3133.662,3064.073,3133.662,3319.78,3169.33,3023.35,36.46,19.29
2026-06-01 04:48,3096.229,3197.832,3096.229,3193.82,3298.02,3155.61,3019.32,36.46,15.93
2026-06-01 09:36,3193.82,3193.82,3088.205,3088.205,3266.23,3143.75,3029.83,41.16,29.56
2026-06-01 14:24,3088.205,3088.205,2982.591,2982.591,3238.1,3136.77,3021.09,41.16,41.2
2026-06-01 19:12,2982.591,2982.591,2876.976,2876.976,3233.7,3133.15,2979.73,38.07,33.09
2026-06-02 00:00,2876.976,2876.976,2796.975,2822.589,3256.08,3129.24,2915.69,32.25,16.54
2026-06-02 09:36,3027.495,3027.495,2796.975,2880.178,3273.9,3117.53,2852.78,26.46,19.85
2026-06-02 19:12,2880.178,3193.901,2880.178,3193.901,3257.06,3098.82,2811.19,31.15,26.87
2026-06-03 04:48,3193.901,3507.624,3193.901,3507.624,3283.77,3084.41,2788.37,36.8,40.42
2026-06-03 14:24,3507.624,3821.347,3507.624,3821.347,3439.04,3094.84,2792.03,59.54,70.21
2026-06-04 00:00,3821.347,3884.097,3633.124,3633.124,3619.22,3132.77,2754.66,72.62,85.11
2026-06-04 04:48,3358.25,3635.38,3358.25,3635.38,3744.19,3175.38,2692.44,74.36,92.55
2026-06-04 09:36,3635.38,3884.097,3635.38,3855.684,3872.26,3218.41,2659.14,75.67,96.28
2026-06-04 14:24,3855.684,3855.684,3578.555,3578.555,3985.86,3270.76,2623.53,78.82,98.14
2026-06-04 19:12,3578.555,3578.555,3301.425,3301.425,4066.75,3325.91,2639.36,78.82,99.07
2026-06-05 00:00,3301.425,3301.425,3079.685,3135.075,4080.97,3382.48,2700.41,73.03,96.47
2026-06-05 14:24,3256.933,3306.784,3198.049,3198.049,4014.81,3423.88,2790.44,51.98,78.95
2026-06-06 04:48,3198.049,3198.049,3039.463,3039.463,3929.55,3455.17,2892.21,47.09,61.65
2026-06-06 19:12,3039.463,3039.463,2880.878,2880.878,3908.71,3471.84,2974.67,40.66,31.88
2026-06-07 09:36,2880.878,2880.878,2722.292,2722.292,3962.13,3454.66,2925.26,34.54,16.35
2026-06-08 00:00,2722.292,2722.292,2594.781,2625.856,4006.18,3398.56,2776.66,29.25,8.34
2026-06-08 04:48,2594.781,2594.781,2458.195,2466.736,4040.56,3337.77,2608.7,29.25,4.33
2026-06-08 09:36,2466.736,2611.863,2466.736,2611.863,4029.68,3259.92,2462.02,24.8,2.17
2026-06-08 14:24,2611.863,2756.99,2611.863,2756.99,3950.37,3159.57,2384.36,21.29,1.35
2026-06-08 19:12,2756.99,2853.741,2756.99,2805.365,3800.28,3063.73,2352.43,25.31,3.3
2026-06-09 00:00,2805.365,2805.365,2660.238,2660.238,3632.46,2976.62,2345.7,28.98,7.9
2026-06-09 04:48,2588.08,2726.997,2588.08,2726.997,3489.11,2909.05,2366,27.72,8.31
2026-06-09 09:36,2726.997,2813.047,2726.997,2760.181,3335.83,2848.94,2411.28,27.72,9.41
2026-06-09 14:24,2760.181,2760.181,2621.264,2621.264,3176.15,2800.98,2473.51,28.73,12.72
2026-06-09 19:12,2621.264,2621.264,2482.348,2482.348,3026.08,2766.2,2518.92,28.73,18.56
2026-06-10 00:00,2482.348,2510.819,2427.125,2510.819,2907.17,2740.68,2519.7,26.25,12.41
2026-06-10 04:48,2510.819,2510.819,2427.125,2441.149,2874.45,2706.58,2478.04,22.51,6.21
2026-06-10 09:36,2441.149,2538.867,2441.149,2538.867,2894.7,2679.69,2442.6,20.16,6.52
2026-06-10 14:24,2538.867,2636.586,2538.867,2636.586,2900.43,2665.97,2414.41,20.16,6.67
2026-06-10 19:12,2636.586,2734.304,2636.586,2734.304,2882.18,2652.74,2401.5,27.55,17.16
2026-06-11 00:00,2734.304,2813.047,2734.304,2794.072,2864.31,2642.25,2409.12,36.51,39.99
2026-06-11 04:48,2520.426,3277.083,2486.82,3277.083,2942.66,2641.43,2413.54,43.6,65.99
2026-06-11 09:36,3277.083,4100.953,3277.083,4100.953,3290.01,2665.82,2420.18,62.38,83
2026-06-11 14:24,4100.953,4924.822,4100.953,4924.822,3848.07,2739.26,2319.32,78.3,91.5
2026-06-11 19:12,4924.822,5748.692,4924.822,5748.692,4568.29,2875.53,2070.88,86.36,95.75
2026-06-12 00:00,5748.692,6375.727,5748.692,6178.893,5368.52,3086.88,1782.01,90.67,97.87
[/updown_bb / WAVE_S]
[updown_bb / WAVE_M]
datetime,open,high,low,close,upbb_u,upbb_m,upbb_l,rsi,stoch
2026-04-22 00,1293.601,1321.579,1293.601,1314.859,1571.83,1339.33,1161.59,19.09,4.85
2026-04-22 08,1308.139,1392.747,1281.259,1392.747,1507.93,1318.19,1182.18,24.25,11.43
2026-04-22 16,1392.747,1531.116,1392.747,1531.116,1471.68,1305.7,1207.6,36.38,31.64
2026-04-23 00,1531.116,1601.555,1531.116,1533.626,1488.41,1306.7,1216.23,52.77,65.82
2026-04-23 08,1541.464,1601.555,1541.464,1592.351,1538.96,1317.82,1177.61,59.02,82.91
2026-04-23 16,1592.351,1592.351,1523.057,1523.057,1594.38,1338.44,1148.11,64.98,91.45
2026-04-24 00,1523.057,1523.057,1476.596,1499.43,1637.04,1362.31,1140.03,64.7,95.46
2026-04-25 00,1481.671,2567.823,1476.596,2567.823,1887.94,1387.23,1146.77,64.7,97.47
2026-04-26 00,2567.823,3664.125,2567.823,3664.125,2451.9,1458.72,1168.42,87.28,98.73
2026-04-27 00,3664.125,4686.335,3664.125,4612.243,3238.26,1603.53,1044.93,93.98,99.37
2026-04-27 08,3766.356,4099.174,3729.31,4099.174,3823.81,1827.24,752,96.34,99.68
2026-04-27 16,4099.174,4506.083,4099.174,4506.083,4364.14,2069.48,564.53,96.7,99.84
2026-04-28 00,4506.083,4780.038,4506.083,4647.083,4865.03,2339.23,454.84,97.19,99.92
2026-04-28 08,4647.083,4780.038,4575.075,4575.075,5273.86,2625.13,408.3,97.5,99.96
2026-04-28 16,4575.075,4575.075,4237.156,4237.156,5534.23,2913.39,456.78,97.59,99.98
2026-04-29 00,4237.156,4237.156,4008.67,4118.102,5633.7,3196.44,660.5,97.59,99.99
2026-04-29 08,4112.343,4445.427,4008.67,4445.427,5487.23,3473.13,993.8,93.89,98.85
2026-04-29 16,4445.427,4985.857,4445.427,4985.857,5272.96,3755.3,1469.71,94.1,99.21
2026-04-30 00,4985.857,5201.601,4876.915,4876.915,5134.45,4020.29,2140.66,95.1,99.61
2026-05-01 08,4863.663,5201.601,4863.663,5194.078,5197.63,4222.49,2777,95.4,99.8
2026-05-02 16,5194.078,5194.078,4848.618,4848.618,5230.4,4363.62,3182.03,95.92,99.9
2026-05-04 00,4848.618,4848.618,4570.643,4638.129,5268.62,4484.61,3520.65,95.92,99.95
2026-05-04 16,4724.021,4724.021,4584.276,4584.276,5292.1,4562.31,3761.42,88.51,91.92
2026-05-05 08,4584.276,4696.35,4570.441,4696.35,5298.21,4605.93,3868.79,82.64,80.91
2026-05-06 00,4696.35,4799.869,4696.35,4763.643,5287.12,4642.7,3912.18,82.64,75.4
2026-05-06 08,4775.718,4799.869,4564.658,4564.658,5263.53,4682.02,4001.34,83.01,74.49
2026-05-06 16,4564.658,4564.658,4305.296,4305.296,5172.73,4720.61,4128.83,77.73,65.93
2026-05-07 00,4305.296,4556.024,4300.979,4556.024,5167.68,4741.29,4291.23,69.3,36.67
2026-05-07 08,4613.988,4787.882,4580.008,4580.008,5174.5,4732.58,4377.52,69.3,22.04
2026-05-07 16,4580.008,4580.008,4198.24,4198.24,5145.49,4716.48,4327.06,70.17,18.03
2026-05-08 00,4198.24,4198.24,3930.551,4044.63,5078.79,4665.14,4203.57,59.15,9.62
2026-05-09 00,3992.776,3992.776,3921.61,3933.043,5025.96,4613.8,4075.39,59.15,5.58
2026-05-10 00,3933.043,4015.641,3933.043,4015.641,5043.45,4556.24,3964.68,48.74,2.79
2026-05-11 00,4015.641,4065.372,4015.641,4032.504,5061.94,4496.17,3888.69,43.03,1.4
2026-05-11 08,3956.895,4431.151,3921.61,4431.151,5027.6,4432.97,3831.32,41.61,1.57
2026-05-11 16,4431.151,4956.507,4431.151,4937.036,4972.5,4382.59,3814.71,50.5,14.64
2026-05-12 00,4937.036,4937.036,4392.21,4392.21,4942.05,4369.13,3836.44,62.68,53.59
2026-05-12 08,4624.91,4956.507,4624.91,4726.248,4974.67,4368.11,3854.88,62.68,73.06
2026-05-12 16,4726.248,4726.248,4164.393,4164.393,5002.22,4371.22,3877.25,64.2,86.53
2026-05-13 00,4164.393,4365.555,3984.046,4365.555,5013.48,4355.25,3901.45,54.48,77.03
2026-05-13 08,4043.997,4103.954,3984.046,4103.954,5001.31,4355.32,3895.89,54.48,72.28
2026-05-13 16,4103.954,4283.813,4103.954,4283.813,5001.63,4340.79,3897.95,46.69,55.41
2026-05-14 00,4283.813,4365.555,4267.438,4267.438,4991.28,4345.41,3913.84,47.54,48.46
2026-05-14 08,4095.49,4267.438,4095.49,4159.466,4956.27,4362.03,3935.29,47.54,44.99
2026-05-14 16,4159.466,4159.466,3879.546,3879.546,4946.86,4376.61,3949.69,44.5,23.59
2026-05-15 00,3879.546,3879.546,3639.511,3679.396,4959.52,4370.55,3887.84,41.5,11.79
2026-05-16 00,4038.361,4048.333,3785.312,3785.312,4953.35,4321.79,3803.34,35.01,16.12
2026-05-17 00,3785.312,3785.312,3512.319,3512.319,4876.05,4261.93,3692.24,30.49,12.77
2026-05-18 00,3512.319,3720.532,3479.929,3720.532,4773.88,4179.89,3591.32,24.72,8.06
2026-05-18 08,3955.265,3967.002,3674.78,3674.78,4640.08,4114.21,3508.87,24.72,5.71
2026-05-18 16,3674.78,3674.78,3370.822,3370.822,4539.12,4050.54,3414.37,26.63,8.47
2026-05-19 00,3370.822,3370.822,3193.688,3320.513,4508.11,3983.79,3296.1,21.35,6.73
2026-05-19 08,3493.457,3522.28,3396.935,3396.935,4488.6,3911.94,3224.55,20.43,9.41
2026-05-19 16,3396.935,3396.935,3242.767,3242.767,4422.37,3833.28,3191.87,18.74,7.98
2026-05-20 00,3242.767,3242.767,3138.505,3188.411,4338.78,3749.13,3150.25,16.38,5.8
2026-05-20 08,3271.587,3271.587,3138.505,3222.28,4256.95,3665.75,3094.65,15.47,6.51
2026-05-20 16,3222.28,3439.136,3222.28,3439.136,4192.95,3595.4,3078.7,15.47,7.49
2026-05-21 00,3439.136,3639.647,3439.136,3623.301,4080.41,3536.3,3066.59,15.69,9.55
2026-05-21 08,3247.35,3575.323,3247.35,3575.323,3992.78,3507.28,3075.02,29.97,22.92
2026-05-21 16,3575.323,3639.647,3375.997,3375.997,3900.8,3475.81,3112.87,28.86,27.09
2026-05-22 00,3375.997,3375.997,3102.189,3156.354,3775.46,3442.33,3143.42,28.86,38.07
2026-05-23 08,3215.443,3244.988,3143.706,3143.706,3662.84,3413.87,3136.37,23.36,23.73
2026-05-24 16,3143.706,3143.706,3012.88,3012.88,3642.77,3389.03,3114.25,23.36,18.11
2026-05-26 00,3012.88,3108.839,2995.446,3108.839,3644.27,3363.58,3072.33,20.53,9.05
2026-05-26 08,3104.114,3282.892,2995.446,3282.892,3653.87,3339.1,3023.23,17.46,5.52
2026-05-26 16,3282.892,3679.005,3282.892,3679.005,3656.97,3325.35,2986.28,25.45,13.26
2026-05-27 00,3679.005,3708.463,3341.807,3341.807,3679.74,3332.42,2982.97,45.14,48.84
2026-05-27 08,3671.798,3708.463,3467.225,3467.225,3708.17,3339.33,2982.29,45.14,66.63
2026-05-27 16,3467.225,3467.225,3189.323,3189.323,3729.42,3341.04,2985.59,50.44,83.31
2026-05-28 00,3189.323,3189.323,3001.246,3091.072,3721.37,3331.7,2992.18,41.61,72.11
2026-05-28 08,3307.711,3307.711,3175.037,3175.037,3697.32,3321.06,2992.9,40.84,64.62
2026-05-28 16,3175.037,3175.037,3042.362,3042.362,3690.57,3316.16,2988.52,36.85,50.9
2026-05-29 00,3042.362,3092.804,3001.246,3092.804,3696.79,3301.75,2978.46,32.05,30.54
2026-05-30 00,3301.185,3301.185,3185.203,3185.203,3700.31,3294.74,2978.3,32.05,20.37
2026-05-31 00,3185.203,3185.203,3069.222,3069.222,3699.75,3301.59,2993.72,36.51,21.26
2026-06-01 00,3069.222,3133.662,3043.451,3133.662,3703.75,3295.87,3004.76,32.87,14.13
2026-06-01 08,3096.229,3197.832,3096.229,3123.41,3675.64,3267.28,2992.46,31.74,7.73
2026-06-01 16,3123.41,3123.41,2947.386,2947.386,3603.54,3238.62,2979.07,31.69,4.54
2026-06-02 00,2947.386,2947.386,2796.975,2822.589,3499.83,3195.08,2949.24,27.13,2.89
2026-06-02 16,3027.495,3089.327,2796.975,3089.327,3407.39,3164.55,2884.32,26.86,5.44
2026-06-03 08,3089.327,3612.198,3089.327,3612.198,3383.15,3135.32,2842.9,26.86,7.82
2026-06-04 00,3612.198,3884.097,3612.198,3633.124,3492.68,3136.97,2839.96,53.78,53.91
2026-06-04 08,3358.25,3820.133,3358.25,3820.133,3633.22,3162.34,2800.31,62.8,76.95
2026-06-04 16,3820.133,3884.097,3486.178,3486.178,3775.78,3198.98,2771.57,68.26,88.48
2026-06-05 00,3486.178,3486.178,3079.685,3135.075,3882.44,3231.47,2763.87,68.26,94.24
2026-06-06 00,3256.933,3306.784,3092.325,3092.325,3926.25,3255.25,2766.01,54.98,82.67
2026-06-07 00,3092.325,3092.325,2828.016,2828.016,3930.24,3268.31,2760.09,46.46,64.62
2026-06-08 00,2828.016,2828.016,2594.781,2625.856,3920.27,3263.13,2714.92,37.25,37.98
2026-06-08 08,2594.781,2594.781,2458.195,2563.487,3929.3,3265.99,2631.53,37.25,24.66
2026-06-08 16,2563.487,2805.366,2563.487,2805.366,3978.49,3241.38,2555.32,27.11,14.63
2026-06-09 00,2805.366,2853.741,2660.238,2660.238,4032.7,3216.47,2489.05,27.02,9.71
2026-06-09 08,2588.08,2813.047,2588.08,2806.486,4025.8,3165.88,2413.08,26.48,7.04
2026-06-09 16,2806.486,2806.486,2574.959,2574.959,3962.4,3099.33,2359.68,25.89,6.58
2026-06-10 00,2574.959,2574.959,2427.125,2510.819,3827.64,3021.5,2325.51,25.89,6.36
2026-06-10 08,2510.819,2510.819,2427.125,2506.295,3645.25,2935.51,2313.75,22.95,3.18
2026-06-10 16,2506.295,2669.158,2506.295,2669.158,3459.61,2857.49,2347.58,20.69,4.15
2026-06-11 00,2669.158,2813.047,2669.158,2794.072,3260.11,2793.47,2397.32,22.18,6.8
2026-06-11 08,2520.426,3826.33,2486.82,3826.33,3205.67,2755.39,2433.72,31.08,15.68
2026-06-11 16,3826.33,5199.445,3826.33,5199.445,3762.4,2767.37,2437.35,62.4,57.84
2026-06-12 00,5199.445,6375.727,5199.445,6178.893,4654.35,2893.91,2253.64,79.94,78.92
[/updown_bb / WAVE_M]
[updown_bb / WAVE_L]
datetime,open,high,low,close,volume,upbb_u,upbb_m,upbb_l,rsi,stoch
2026-01-14,4203.39,4600.359,4137.253,4399.913,3285414,7355.18,3565.61,326.97,82.16,92.93
2026-01-15,4399.913,4600.359,3768.395,3920.874,1266591,7171.35,3871.94,783.2,79.48,88.65
2026-01-16,3779.287,3920.874,3438.399,3469.498,1282769,6746.21,4171.71,1313.54,79.48,86.02
2026-01-19,3609.445,3609.445,3003.815,3029.416,968084,6315.16,4382.94,1931.92,63.26,71.05
2026-01-20,3012.349,3080.617,2574.686,2612.638,974249,6205.43,4469.71,2552.17,54.61,39.42
2026-01-21,2677.916,2677.916,2272.733,2364.741,1012880,6378.87,4419.53,2686.56,48.01,20.56
2026-01-22,2298.825,2379.847,2135.804,2148.412,1034728,6482.06,4296.1,2373.17,48.01,11.12
2026-01-23,2253.059,2254.32,1874.286,1898.699,644666,6379.62,4050.93,1979.98,38.6,6.34
2026-01-26,1884.273,1928.661,1693.873,1704.938,753397,6141.23,3772.79,1669.42,34.81,3.4
2026-01-27,1722.037,1861.316,1693.873,1850.728,1620819,5847.41,3480.61,1418.86,32.02,1.98
2026-01-28,1797.789,2209.823,1743.792,2175.163,2220792,5505.44,3225.32,1275.64,32.02,2.68
2026-01-29,2175.163,4364.912,2122.577,4229.808,7160116,5070.23,2979.76,1230.87,32.22,3.16
2026-01-30,4134.196,5163.541,3928.421,4952.305,4364912,4751.77,2829.31,1302.68,52.95,28.01
2026-02-02,4691.781,5163.541,4313.423,4336.601,2807793,4748.34,2815.8,1444.98,63.37,64.01
2026-02-03,4751.487,4751.487,4099.311,4270.741,1841243,4898.62,2857.38,1340.13,64.99,82
2026-02-04,4232.169,4270.741,3737.207,3943.64,1487504,5131.32,2946.63,1172.89,66.26,91
2026-02-05,3778.104,4050.751,3350.569,3382.03,1211016,5330.32,3036.04,1118.57,66.28,95.5
2026-02-06,3444.952,3504.377,2938.245,3192.328,1470302,5455.21,3145.1,1170.68,57.4,88.35
2026-02-09,3107.633,3247.705,2938.245,3000.83,1365865,5456.06,3283.8,1311.5,57.4,84.77
2026-02-10,3072.133,3079.719,2605.44,2617.527,825009,5305.98,3405.17,1521.86,49.01,73.24
2026-02-11,2645.73,2699.451,2211.69,2247.077,670835,4949.73,3499.03,1755.09,44.2,59.82
2026-02-12,2273.027,4156.363,2211.69,3878.655,5790612,4862.07,3592.2,1993.17,44.2,41.03
2026-02-13,3712.03,4156.363,3305.189,3346.504,1093939,4856.3,3612.71,2202.83,49.22,39.71
2026-02-19,3396.081,3445.659,2900.323,2922.076,817087,4754.76,3555.33,2204.3,49.6,39.66
2026-02-20,3001.835,3009.085,2547.538,2588.856,836127,4598.26,3469.93,2163.52,46.62,34.95
2026-02-23,2588.856,2608.224,2366.472,2407.782,939820,4409.6,3348.68,2180.97,41.43,23.82
2026-02-24,2378.275,2572.777,2365.993,2524.687,1645860,4282.2,3227.27,2213.57,41.43,20.78
2026-02-25,2446.542,2572.777,2347.76,2421.127,1064978,4181.24,3123.76,2223.69,36.92,10.39
2026-02-26,2375.978,5116.778,2347.76,5079.9,6002195,4152.88,3011.65,2252.36,35.23,8.16
2026-02-27,4296.249,8388.274,4204.055,8161.223,6683384,5252.7,3049.66,2259.42,60.62,54.08
2026-03-03,6647.549,8388.274,6597.094,6707.988,2299627,6447.17,3308.67,2108.78,77.79,77.04
2026-03-04,7469.178,7964.562,6660.413,6876.072,4796391,7431.14,3602.91,1496.02,79.59,88.52
2026-03-05,6942.443,8424.636,6676.957,8215.977,3089855,8349.8,3906.71,1090.09,81.13,94.26
2026-03-06,7876.905,8424.636,7431.393,8125.802,2232244,9148.92,4288.95,811.91,84.41,97.13
2026-03-09,7943.062,8137.984,6409.341,6671.84,1519978,9749.65,4704.64,690.52,85.14,98.56
2026-03-10,6639.028,6857.776,6133.464,6483.662,1602070,10117.8,5144.76,860.73,85.14,99.28
2026-03-11,6693.78,6713.792,5378.067,5537.548,1091554,10048.58,5538.37,1264.42,75.22,94.74
2026-03-12,5785.63,5803.35,4678.721,4886.836,790870,9457.37,5907.78,1842.53,66.7,87.64
2026-03-13,4701.845,4886.836,4076.639,4165.261,830276,8617.88,6285.77,2548.89,66.7,82.2
2026-03-16,4131.176,4267.518,3562.852,3685.709,879249,8592.73,6483.39,3362.99,54.8,58.77
2026-03-17,3740.995,3747.138,3257.419,3268.277,656744,8912.23,6373.79,3702.45,41.63,29.49
2026-03-18,3447.435,3452.864,3059.087,3150.252,920505,9184.61,6187.12,3309.59,37.91,15.96
2026-03-19,3124.928,3165.446,2801.81,2867.185,788358,9251.75,5930.1,2784.4,34.74,8.35
2026-03-20,2811.149,2927.891,2625.419,2642.495,680315,9085.71,5592.95,2312.71,34.74,4.54
2026-03-23,2646.764,2719.337,2387.691,2395.757,788575,8715.97,5199.44,2003.87,31.69,2.27
2026-03-24,2432.057,2524.822,2232.375,2310.293,853963,8115.27,4752.66,1818.07,27.67,1.31
2026-03-25,2411.588,2411.588,2162.263,2187.787,675633,7491.31,4336.73,1721.36,26.57,1.34
2026-03-26,2191.433,2216.957,1898.351,1905.205,650141,6737.59,3947.45,1646.76,25.2,1.02
2026-03-27,2028.563,2045.696,1720.477,1844.325,773071,5977.72,3540.07,1565.23,23.92,1.52
2026-03-30,1800.811,1881.144,1594.663,1638.698,596465,5310.68,3183.63,1462.95,22.48,1.11
2026-03-31,1632.407,1701.854,1557.357,1611.944,886467,4748.47,2922.21,1365.05,21.19,0.74
2026-04-01,1611.944,1764.358,1557.357,1754.735,815377,4298.97,2691.27,1296.67,20.39,0.53
2026-04-02,1703.408,1826.539,1626.105,1655.2,850313,3906.99,2498.68,1265.15,20.39,0.42
2026-04-03,1813.608,1826.539,1515.387,1560.399,528858,3556.94,2303.4,1251.94,20.17,1.28
2026-04-06,1584.405,1587.406,1418.007,1437.979,577342,3243.14,2137.36,1238.42,19.59,2.41
2026-04-07,1480.776,1503.601,1354.621,1387.46,579361,2973.54,2015.17,1227,18.74,3.06
2026-04-08,1425.773,1686.037,1354.621,1680.047,1027627,2738.86,1906.09,1241.95,18.49,4.12
2026-04-09,1659.084,1686.037,1576.07,1660.243,646513,2509.94,1816.27,1266.16,18.49,5.27
2026-04-10,1613.803,1844.156,1576.07,1815.589,1087130,2298.15,1747.72,1306.48,20.07,9.79
2026-04-13,1840.982,1844.156,1563.557,1572.085,387276,2119.58,1708.02,1337.39,24.46,26.98
2026-04-14,1580.614,1591.985,1521.231,1540.213,558026,1989.35,1681.34,1356.36,23.51,34.27
2026-04-15,1545.636,1704.007,1521.231,1695.386,898476,1932.51,1665.63,1369.54,23.44,37.19
2026-04-16,1701.133,1704.007,1531.255,1552.523,458794,1894.76,1649.92,1392.33,23.44,40.95
2026-04-17,1563.156,1568.473,1375.111,1379.928,359159,1853.21,1633.58,1398.76,22.73,41.77
2026-04-20,1399.194,1401.602,1228.972,1248.549,317137,1811.18,1614.68,1358.02,20.79,24.1
2026-04-21,1246.373,1261.6,1224.205,1256.141,496193,1837.54,1593.74,1305.5,18.59,12.98
2026-04-22,1224.205,1321.579,1224.205,1314.859,684772,1889.68,1575.34,1256.75,18.59,7.43
2026-04-23,1308.139,1601.555,1281.259,1533.626,1047056,1896.61,1550.5,1217.32,17.32,4.46
2026-04-24,1541.464,1601.555,1476.596,1499.43,570284,1874.11,1531.62,1184.98,25.33,15.27
2026-04-27,1481.671,4686.335,1476.596,4612.243,5287941,2567.54,1507.05,1184.18,27.76,27.56
2026-04-28,3766.356,4780.038,3729.31,4647.083,1775578,3357.24,1628.25,1193.01,74,63.78
2026-04-29,4647.083,4780.038,4008.67,4118.102,886254,4078.48,1821.68,804.29,80.95,81.89
2026-04-30,4112.343,5201.601,4008.67,4876.915,2575384,4785.82,2031.5,450.45,82.16,90.95
2026-05-04,4863.663,5201.601,4570.643,4638.129,1064176,5403.22,2290.62,236.81,85.1,95.47
2026-05-06,4724.021,4799.869,4570.441,4763.643,1441060,5849.61,2573.78,106.67,85.94,97.74
2026-05-07,4775.718,4799.869,4300.979,4556.024,1232988,6129.09,2883.91,117.95,86.79,98.87
2026-05-08,4613.988,4787.882,3930.551,4044.63,699479,6221.6,3194.18,316.3,86.8,99.43
2026-05-11,3992.776,4065.372,3921.61,4032.504,1138423,6105.08,3512.93,654.59,86.93,99.72
2026-05-12,3956.895,4956.507,3921.61,4392.21,2277368,5560.82,3797.6,1132.29,76.72,95.8
2026-05-13,4624.91,4956.507,3984.046,4365.555,1015741,5278.66,4080.71,1747.05,76.87,92.11
2026-05-14,4043.997,4365.555,3984.046,4267.438,1085030,5093.62,4231.96,2655.18,77.92,89.27
2026-05-15,4095.49,4267.438,3639.511,3679.396,1042610,4901.16,4304.23,3214.39,74.65,81.96
2026-05-18,4038.361,4048.333,3479.929,3720.532,2398380,4924.31,4342.1,3505.26,66.81,50.32
2026-05-19,3955.265,3967.002,3193.688,3320.513,1365281,4994.9,4327.19,3531.94,63.98,36.78
2026-05-20,3493.457,3522.28,3138.505,3188.411,1190665,5045.51,4273.2,3348.6,54.81,26.95
2026-05-21,3271.587,3639.647,3138.505,3623.301,1291819,5122.36,4181.47,3198.97,47.82,14.88
2026-05-22,3247.35,3639.647,3102.189,3156.354,721171,5140.24,4089.58,3064.52,47.82,8.84
2026-05-26,3215.443,3244.988,2995.446,3108.839,1002035,5106.16,3982.55,2937.29,43.76,4.42
2026-05-27,3104.114,3708.463,2995.446,3341.807,1860431,5059.37,3886.45,2836.66,39.75,4.11
2026-05-28,3671.798,3708.463,3001.246,3091.072,1395171,4904.51,3789.08,2777.17,39.75,4.46
2026-05-29,3307.711,3307.711,3001.246,3092.804,1603208,4675.05,3690.33,2779.8,42.91,9.88
2026-06-01,3301.185,3301.185,3043.451,3133.662,1225560,4484.58,3595.09,2810.16,41.62,14.33
2026-06-02,3096.229,3197.832,2796.975,2822.589,1077612,4296.63,3506.79,2830.74,37.8,11.56
2026-06-04,3027.495,3884.097,2796.975,3633.124,2395265,4105,3425.31,2815.21,37.8,12.28
2026-06-05,3358.25,3884.097,3079.685,3135.075,967822,3921.33,3369.51,2798.15,38.7,17.61
2026-06-08,3256.933,3306.784,2594.781,2625.856,954331,3857.2,3335.96,2761.09,38.7,20.27
2026-06-09,2594.781,2853.741,2458.195,2660.238,851234,3811.76,3273.14,2671.12,28.34,10.86
2026-06-10,2588.08,2813.047,2427.125,2510.819,1022229,3847.64,3223.46,2561.32,28.34,6.27
2026-06-11,2510.819,2813.047,2427.125,2794.072,1379286,3914.66,3167.77,2462.59,23.11,7.09
2026-06-12,2520.426,6375.727,2486.82,6178.893,6018622,4312.91,3112.07,2395.01,23.11,8.27
[/updown_bb / WAVE_L]
[slope_bb / WAVE_S]
slope_u,slope_m,slope_l
5006.66,4469.47,3926.96
4982.37,4479.02,3987.69
5025.07,4467.97,3989.58
5040.68,4436.05,3943.7
5034.58,4403.63,3920.95
4967.65,4371.2,3918.69
4841.49,4323.36,3980.05
4684.53,4277.6,4024.6
4516.1,4244.35,3971.67
4448.2,4216.78,3874.26
4401.67,4176.46,3825.7
4434.86,4150.43,3756.16
4444.67,4116.89,3673.71
4430.96,4067.83,3586.31
4421.75,4009.1,3523
4366.33,3950.36,3480.34
4313.19,3907.51,3485.28
4202.73,3856.31,3494.36
4096.82,3798.42,3452.65
4043.02,3736.34,3374.41
4045.86,3687,3306.91
4016.59,3639.26,3289.75
3967.86,3596.42,3261.79
3933.32,3559.26,3217.53
3923.58,3519.01,3171.34
3887.63,3478.69,3129.72
3811.68,3422.48,3129.34
3706.47,3374.6,3129.78
3623.02,3346.17,3115.83
3606.25,3341.5,3099.51
3614.19,3343.14,3100.8
3632.45,3342.05,3118.27
3679.29,3348.85,3091.34
3706.05,3362.21,3093.12
3704.8,3380.05,3104.53
3654.97,3381.79,3144.45
3639.61,3384.44,3149.9
3643.77,3381.2,3134.31
3664.88,3364.05,3087.67
3682.02,3334.64,3036.58
3685.13,3298.92,2983.23
3648.25,3264.21,2945.96
3617.2,3237.28,2936.88
3621.9,3226.51,2938.54
3637.29,3226.31,2912.17
3711.51,3242.28,2886.35
3784.07,3270.97,2858.72
3823.12,3299.46,2875.57
3813.62,3324.11,2919.46
3760.04,3338.9,2959.53
3721.24,3353.68,2992.96
3716.97,3368.75,3034.97
3730.74,3367.9,3055.36
3724.95,3344.73,3023.95
3710.83,3308.36,2987.73
3655.63,3271.98,2957.31
3595.82,3236.79,2982.94
3493.09,3206.73,3023.18
3388.15,3183.05,3038.95
3328.31,3169.33,3034.2
3306.07,3155.61,3028.2
3279.88,3143.75,3035.16
3254.13,3136.77,3020.82
3241.59,3133.15,2984.32
3251.1,3129.24,2929.66
3254.58,3117.53,2888.13
3259.86,3098.82,2832.84
3303.37,3084.41,2791.24
3498.43,3094.84,2759.81
3720.49,3132.77,2690.5
3839.03,3175.38,2639.56
3966.82,3218.41,2614.07
4095.83,3270.76,2570.85
4164.07,3325.91,2592.41
4151.49,3382.48,2667.3
4025.29,3423.88,2801.02
3931.79,3455.17,2908.96
3890.73,3471.84,3005.49
3919.77,3454.66,2971.13
3938.6,3398.56,2835.25
3985.37,3337.77,2653.36
3950.9,3259.92,2517.12
3853.31,3159.57,2449.29
3737.04,3063.73,2397.06
3593.52,2976.62,2381.99
3460.43,2909.05,2395.93
3315.21,2848.94,2437.59
3165.54,2800.98,2495.6
3022.99,2766.2,2533
2895.16,2740.68,2539.53
2848.01,2706.58,2508.42
2860.08,2679.69,2480.73
2875.49,2665.97,2442.37
2872.27,2652.74,2415.64
2870.1,2642.25,2409.07
2960.17,2641.43,2413.27
3376.83,2665.82,2376.91
4064.52,2739.26,2209.15
4937.54,2875.53,1920.16
5895.71,3086.88,1619.56
[/slope_bb / WAVE_S]
[slope_bb / WAVE_M]
slope_u,slope_m,slope_l
1559.07,1339.33,1173.55
1502.17,1318.19,1189.6
1477.05,1305.7,1205.92
1510.36,1306.7,1200.71
1566.6,1317.82,1158.37
1628.12,1338.44,1125.64
1665.51,1362.31,1121.77
1914.94,1387.23,1132.94
2621.15,1458.72,1089.98
3637.86,1603.53,917.62
4415.77,1827.24,655.53
5063.06,2069.48,492.55
5629.72,2339.23,397.96
6037.83,2625.13,361.11
6221.97,2913.39,411.67
6215.15,3196.44,606.13
5935.65,3473.13,931.77
5649.98,3755.3,1388.68
5501.15,4020.29,2017.32
5523.99,4222.49,2635.37
5540.35,4363.62,3028.75
5531.47,4484.61,3376.97
5485.74,4562.31,3656.14
5444.12,4605.93,3790.21
5407.3,4642.7,3846.38
5366.59,4682.02,3946.04
5245.98,4720.61,4090.35
5203.18,4741.29,4283.85
5209.89,4732.58,4366.01
5179.86,4716.48,4313.99
5075.23,4665.14,4220.13
5024.4,4613.8,4087.49
5005.47,4556.24,4003.18
5004.69,4496.17,3939.59
4974.11,4432.97,3879.63
4965.94,4382.59,3828.56
5003.28,4369.13,3808.7
5040.48,4368.11,3820.15
5064.65,4371.22,3845.15
5035.64,4355.25,3901.61
5024.72,4355.32,3891.84
4990.73,4340.79,3919.47
4987.39,4345.41,3932.94
4959.89,4362.03,3945.6
4938.99,4376.61,3966.83
4941.86,4370.55,3910.43
4910.85,4321.79,3865.49
4847.53,4261.93,3748.69
4725.43,4179.89,3659.34
4606.72,4114.21,3563.26
4521.92,4050.54,3461.18
4469.25,3983.79,3357.04
4456.87,3911.94,3289.65
4403.97,3833.28,3248.05
4311.36,3749.13,3209.73
4231.45,3665.75,3154.16
4185.11,3595.4,3126.08
4085.47,3536.3,3096.7
4022.93,3507.28,3096.58
3941.1,3475.81,3119.66
3809.59,3442.33,3147.16
3665.48,3413.87,3160.55
3645.1,3389.03,3133.75
3631.37,3363.58,3100.53
3623.43,3339.1,3063.47
3646.66,3325.35,3006.92
3714.77,3332.42,2971.9
3745.77,3339.33,2966.78
3774.62,3341.04,2972.9
3745.71,3331.7,2998.1
3722.39,3321.06,3013.1
3721.53,3316.16,3006.93
3715.13,3301.75,3005.12
3722.96,3294.74,2997.18
3731.05,3301.59,3009.23
3728.71,3295.87,3022.43
3696.92,3267.28,3006.85
3621.45,3238.62,2990.93
3498.68,3195.08,2972.48
3406.2,3164.55,2907.51
3387.35,3135.32,2857.26
3546.29,3136.97,2810.99
3707.45,3162.34,2770.96
3883.62,3198.98,2716.39
3975.04,3231.47,2717.52
3972.54,3255.25,2754.7
3948.83,3268.31,2766.69
3898.55,3263.13,2746.82
3913.07,3265.99,2655.77
3899.28,3241.38,2622.22
3975.68,3216.47,2543.14
3984.62,3165.88,2458.28
3933.75,3099.33,2401.09
3818.07,3021.5,2350.97
3618.17,2935.51,2346.93
3422,2857.49,2392
3242.11,2793.47,2426.83
3208.81,2755.39,2458.23
3917,2767.37,2368.57
5059.05,2893.91,2085.07
[/slope_bb / WAVE_M]
[slope_bb / WAVE_L]
slope_u,slope_m,slope_l
8239.42,3565.61,296.81
7863.39,3871.94,726.25
7285.03,4171.71,1234.19
6583.24,4382.94,1883.49
6316.88,4469.71,2543.65
6357.69,4419.53,2732.04
6476.49,4296.1,2401.65
6161.56,4050.93,2070.11
5858.55,3772.79,1763.19
5524.22,3480.61,1510.66
5263.37,3225.32,1351.16
4930.49,2979.76,1280.56
5038.3,2829.31,1242.6
5223.22,2815.8,1329.19
5368.35,2857.38,1233.42
5560.61,2946.63,1092.17
5703.55,3036.04,1053.83
5672.22,3145.1,1135.79
5633.93,3283.8,1279.46
5341.05,3405.17,1522.82
4904.44,3499.03,1783.1
4830.42,3592.2,2054.42
5003.54,3612.71,2188.95
4894.36,3555.33,2192.93
4695.56,3469.93,2164.06
4430.37,3348.68,2210.41
4301.9,3227.27,2236.37
4140.05,3123.76,2272.7
4095.2,3011.65,2312.95
5618.24,3049.66,2184.52
7624.1,3308.67,1885.19
8882.81,3602.91,1303.08
9792.73,3906.71,962.49
10668.37,4288.95,718.62
11175.93,4704.64,622.5
11387.18,5144.76,786.39
10963.7,5538.37,1190.38
10051.48,5907.78,1781.21
9088.33,6285.77,2471.35
8801.88,6483.39,3347.62
8764.29,6373.79,3824.52
8907.51,6187.12,3464.38
8896.48,5930.1,2932.42
8811.96,5592.95,2410.33
8348.33,5199.44,2108.19
7601.57,4752.66,1949.26
7034.64,4336.73,1844.47
6335.49,3947.45,1762.36
5617.74,3540.07,1681.04
4991.3,3183.63,1569.44
4444.24,2922.21,1467.62
4030.37,2691.27,1390.17
3709.65,2498.68,1339.02
3400.26,2303.4,1319.58
3115.52,2137.36,1302.62
2860.55,2015.17,1291.69
2658.72,1906.09,1300.31
2464.43,1816.27,1307.49
2272.36,1747.72,1338.38
2123.42,1708.02,1359.19
1993.97,1681.34,1374.45
1936.97,1665.63,1390.04
1907.02,1649.92,1409.39
1864.48,1633.58,1412.94
1802.88,1614.68,1384.23
1807.99,1593.74,1343.12
1866.23,1575.34,1285.44
1861.48,1550.5,1251.12
1870.47,1531.62,1196.3
2572.85,1507.05,1189.85
3954.36,1628.25,1043.94
4999.77,1821.68,668.58
5761.07,2031.5,382.31
6457.28,2290.62,201.61
6839.48,2573.78,92.7
7018.79,2883.91,104.54
6961.85,3194.18,286.87
6705.64,3512.93,604.09
5952.64,3797.6,1076.32
5606.83,4080.71,1668.5
5370.51,4231.96,2548.23
5104.56,4304.23,3118.02
5054.02,4342.1,3459.76
5108.18,4327.19,3513.36
5115.95,4273.2,3372.68
5161.85,4181.47,3233.93
5179.82,4089.58,3087.69
5104.32,3982.55,2975
5020.51,3886.45,2893.62
4885.09,3789.08,2824.6
4691.65,3690.33,2825.42
4530.32,3595.09,2855.77
4349.31,3506.79,2870
4164.73,3425.31,2848.29
3990.62,3369.51,2814.97
3921.11,3335.96,2774.65
3808.37,3273.14,2721.55
3846.56,3223.46,2599.74
3865.53,3167.77,2531.27
4284.23,3112.07,2451.53
[/slope_bb / WAVE_L]
[sr_band / WAVE_S]
sr_up,sr_mid,sr_down
4732.19,4451.5,4170.8
4722.28,4391.61,4060.95
4710.51,4349.4,3988.29
4702.55,4333.76,3964.97
4698.72,4350.41,4002.11
4697.35,4379.85,4062.35
4697.63,4409.15,4120.67
4698.38,4429.33,4160.29
4698.83,4438.68,4178.53
4698.94,4423.08,4147.22
4677.14,4082.15,3487.15
4645.98,3606.77,2567.57
4616.17,3159.56,1702.95
4596.73,2870.42,1144.1
4587.65,2739.34,891.03
4588.92,2761.5,934.08
4616.36,3118.2,1620.04
4653.52,3595.34,2537.16
4467.83,3660.63,2853.43
4175.8,3413.53,2651.26
3885.51,3036.58,2187.65
3688.48,2694.68,1700.87
3591.25,2470.42,1349.59
3519.96,2378.4,1236.84
3460.76,2363.98,1267.2
3411.74,2378.5,1345.26
3384.97,2404.14,1423.32
3379.63,2430.75,1481.86
3395.18,2658.29,1921.39
3418.11,2968.49,2518.87
3439.59,3261.79,3084
3455.21,3453.96,3452.71
3543.09,3584.05,3625.01
3658.63,3649.07,3639.51
3688.24,3638.07,3587.89
3646.26,3567.3,3488.33
3572.05,3478.46,3384.87
3497.85,3190.41,2882.98
3445.12,2839.88,2234.64
3428.2,2533.23,1638.27
3432.75,2346.97,1261.19
3444.47,2458.87,1473.27
3456.19,2768.44,2080.68
3464.97,3131.99,2799.02
3468.88,3412.39,3355.9
3469.86,3575.19,3680.52
3547.97,3652.94,3757.92
3659.6,3676.87,3694.14
3706.06,3609.95,3513.85
3689.52,3504.14,3318.76
3639.66,3399.04,3158.41
3581.33,3323.28,3065.23
3536.03,3280.46,3024.88
3450,3238.32,3026.64
3352.68,3198.46,3044.25
3266.48,3164.99,3063.5
3213.94,3145.75,3077.56
3192.14,3139.27,3086.39
3181.87,3135.92,3089.97
3175.53,3133.21,3090.89
3170.66,3130.79,3090.91
3168.88,3129.9,3090.91
3170.2,3130.55,3090.9
3174.61,3132.74,3090.88
3179.92,2944.31,2708.69
3184.66,2673.58,2162.5
3188.12,2414.15,1640.19
3190.27,2414.39,1638.5
3208.4,2607.68,2006.96
3301.35,2927.8,2554.25
3422.22,3218.22,3014.22
3590.93,3479.96,3368.98
3745,3644.28,3543.57
3854.76,3725.8,3596.84
3900.1,3737.03,3573.95
3842.59,3650.42,3458.25
3730.73,3516.96,3303.19
3548.9,3358.03,3167.17
3354.64,3195.35,3036.07
3196.14,3063.48,2930.81
3106.99,2987.13,2867.26
3075.8,2790.06,2504.33
3088.41,2554.27,2020.13
3119.06,2346.14,1573.21
3149.77,2358.93,1568.1
3171.15,2504.85,1838.55
3076.88,2661.88,2246.88
2929.55,2758.37,2587.18
2785.06,2791.61,2798.15
2689.89,2770.11,2850.33
2645.32,2594.51,2543.7
2651.56,2369.77,2087.99
2679.19,2168.44,1657.69
2708.61,2162.89,1617.17
2730.01,2281.41,1832.82
2743.38,2459.45,2175.53
2855.71,2707.91,2560.11
3095.26,3007.43,2919.6
3643.56,3468.89,3294.23
4691.96,4274.07,3856.17
[/sr_band / WAVE_S]
[sr_band / WAVE_M]
sr_up,sr_mid,sr_down
1642.37,1119.94,597.51
1642.37,1209.6,776.84
1642.37,1322.73,1003.09
1642.37,1424.56,1206.74
1642.37,1489.15,1335.93
1642.37,1518.8,1395.23
1642.37,1514.65,1386.93
1612.16,1481.16,1350.16
3116.16,2258,1399.83
5286.07,3392.18,1498.3
7373.62,4487.75,1601.88
8740.61,5207.29,1673.96
9387.04,5548.11,1709.19
9304.59,5504.3,1704
8913.21,5297.14,1681.06
8493.78,5075.21,1656.64
8188.11,4913.49,1638.88
7996.23,4812,1627.77
7919.24,5087.41,2255.57
7899.9,5528.97,3158.04
7899.9,5961,4022.09
7899.9,6242.87,4585.84
7899.9,6374.59,4849.27
7899.9,6356.15,4812.39
7899.9,6274.48,4649.06
7899.9,6245.8,4591.7
7899.9,6207.58,4515.25
7134.22,5781.58,4428.94
6039.92,5190.95,4341.99
4993.48,4670.56,4347.64
4310.74,4316.31,4321.87
3950.62,4122.44,4294.27
3936.56,4098.08,4259.6
4078.21,3826.82,3575.44
4252.14,3430.04,2607.95
4388.15,3374.5,2360.84
4486.26,3583.43,2680.6
4535.16,3897.41,3259.65
4597.12,4271.98,3946.84
4622.97,4516.22,4409.47
4626.49,4579.46,4532.44
4610.39,4528.25,4446.1
4592.69,4449.37,4306.05
4574.03,4370.33,4166.64
4566.21,4322.4,4078.59
4565.47,4307.02,4048.58
4567.35,3997.88,3428.41
4568.8,3558.49,2548.17
4570.39,3138.35,1706.32
4570.96,2863.4,1155.83
4571.03,2734.55,898.06
4571.07,2752.71,934.34
4378.27,2736.63,1094.99
4102.62,2684.31,1266
3838.97,2614.67,1390.38
3666.95,2567.53,1468.11
3586.56,2542.88,1499.2
3597.83,2768.36,1938.88
3647.7,3101.92,2556.14
3700.79,3423.6,3146.41
3664.18,3597.86,3531.53
3580.81,3646.15,3711.49
3487.67,3586.98,3686.29
3423.01,3282.91,3142.81
3391.67,2899.22,2406.78
3396.05,2563.09,1730.13
3415.49,2550.82,1686.15
3436.17,2742.73,2049.29
3526.44,3086.15,2645.87
3568.12,3346.83,3125.55
3571.34,3489,3406.66
3542.51,3497.51,3452.52
3512.47,3449.71,3386.96
3480.45,3381.44,3282.43
3467.14,3334.04,3200.94
3465.64,3307.93,3150.22
3404.59,3071.25,2737.92
3315.31,2743.31,2171.31
3230.44,2432.49,1634.54
3174.23,2229.16,1284.08
3147.63,2133.94,1120.25
3217.02,2377.52,1538.02
3327.75,2765.9,2204.05
3506.53,3197.88,2889.23
3679.71,3526.52,3373.33
3741.31,3671.03,3600.76
3702.57,3640,3577.43
3553.31,3484.85,3416.38
3373.99,3302.76,3231.52
3223.23,2972.77,2722.32
3141.12,2628.72,2116.32
3114.64,2350.64,1586.64
3128.31,2195.47,1262.63
3155.92,2139.52,1123.12
3181.96,2169.25,1156.54
3198.63,2228.65,1258.67
3207.72,2285.54,1363.37
3211,2453.47,1695.93
3211.82,2715.28,2218.73
3542.51,3176.2,2809.89
[/sr_band / WAVE_M]
[sr_band / WAVE_L]
sr_up,sr_mid,sr_down
3591.66,2826.63,2061.61
4292.39,2870.44,1448.49
4975.5,2927.7,879.91
5422.32,2966.36,510.4
5632.86,2986.42,339.99
5599.35,2978.99,358.63
5462.4,2959.2,456
5316.62,2938.14,559.66
5210.6,2922.82,635.04
5144.34,2913.25,682.16
5117.83,2909.42,701.01
5111.21,2908.46,705.72
5111.21,3066.18,1021.16
5111.21,3291.59,1471.98
5111.21,3507.15,1903.09
5111.21,3647.78,2184.36
5111.21,3713.5,2315.8
5111.21,3704.3,2297.4
4869.17,3542.54,2215.91
4523.27,3326.21,2129.16
4192.49,3129.28,2066.07
3976.67,3001.66,2026.64
3875.83,2943.35,2010.87
3889.95,3035.14,2180.34
3952.47,3190.32,2428.18
3815.44,3240.31,2665.17
3572.88,3196.34,2819.8
3324.89,3021.77,2718.64
3155.46,2808.07,2460.69
3277.25,2814.78,2352.31
3580.09,2988.96,2397.83
3910.92,3219.41,2527.89
4148.45,3409.7,2670.96
4273.99,3526.67,2779.34
4287.57,3551.16,2814.74
4245.15,3524.89,2804.63
4191.71,3485.16,2778.62
4150.99,3451.8,2752.6
4125.54,3429.32,2733.1
4115.36,3419.89,2724.42
4354.85,3538.55,2722.26
4458.72,3590.49,2722.26
4443.6,3582.93,2722.26
4328.63,3525.44,2722.26
4213.67,3467.96,2722.26
3895.11,3287.92,2680.73
3555.74,3088.56,2621.38
3273.46,2853.1,2432.74
3110.08,2658.65,2207.22
3043.4,2526.54,2009.68
3073.43,2326.24,1579.05
3135.1,2109.55,1084.01
3194.11,1933.06,672.01
3234.83,1833.98,433.12
3260.28,1801.71,343.14
3270.46,1830.23,390
3273,1880.75,488.49
3273,1927.42,581.83
3273,2060.38,847.76
3273,2223.87,1174.73
3273,2369.24,1465.47
2892.06,2270.43,1648.81
2347.62,2040.13,1732.64
1827,1773.95,1720.9
1487.32,1477.53,1467.73
1328.59,1226.73,1124.87
1350.82,1080.24,809.67
1449.23,1027.17,605.12
1553.99,1032.61,511.23
1630.18,1151.08,671.98
2058.74,1647.53,1236.31
2825.81,2394.41,1963.01
3642.17,3122.07,2601.97
4502.12,3756.44,3010.77
5188.29,4180.28,3172.27
5581.67,4358.68,3135.69
5687.2,4351.19,3015.18
5630.69,4261.75,2892.8
5484.4,4143.84,2803.28
5191.11,3802.1,2413.09
4876.5,3738.51,2600.52
4618.5,3870.19,3121.88
4421.25,3747.67,3074.09
4296.28,3429.09,2561.89
4250.38,3087.55,1924.73
4253.78,2804.4,1355.03
4277.34,2629.21,981.09
4308.01,2603.38,898.75
4335.49,2658.37,981.25
4352.91,2727.37,1101.82
4362.18,2785.97,1209.75
4366.86,2827.2,1287.54
4129.35,2725.73,1322.11
3787.7,2559.22,1330.75
3460.54,2395.64,1330.75
3247.08,2509.35,1771.62
3147.34,2554.08,1960.82
3161.3,2547.28,1933.27
3223.14,2473.5,1723.86
3288.98,2401.71,1514.45
[/sr_band / WAVE_L]
[divergence / WAVE_S]
hma20,ema20
4481.78,4435.553
4332.71,4394.121
4210.999,4356.525
4144.116,4331.732
4141.373,4320.831
4172.145,4311.912
4202.453,4295.313
4220.821,4281.731
4212.316,4260.571
4164.797,4224.714
4075.115,4172.205
3985.896,4131.322
3897.242,4080.537
3802.759,4016.726
3714.065,3956.308
3651.675,3906.876
3644.635,3886.002
3655.479,3853.753
3644.92,3805.142
3582.703,3739.222
3502.334,3685.288
3437.009,3646.118
3393.279,3605.668
3358.776,3560.632
3319.131,3509.964
3281.709,3468.382
3241.32,3425.021
3210.536,3389.544
3211.272,3373.63
3256.905,3377.679
3334.433,3392.465
3413.081,3404.562
3478.875,3420.38
3518.958,3433.323
3526.351,3438.244
3473.59,3412.859
3387.194,3384.418
3286.705,3350.431
3189.147,3310.457
3108.998,3272.518
3061.465,3241.477
3045.579,3217.91
3078.228,3218.702
3172.231,3248.738
3300.884,3286.846
3417.561,3318.025
3516.726,3358.989
3565.901,3381.433
3546.929,3380.639
3459.264,3356.825
3354.628,3337.341
3269.148,3323.744
3209.27,3303.75
3163.914,3276.181
3122.185,3243.17
3087.75,3216.162
3088.129,3211.651
3110.413,3206.231
3131.679,3194.245
3137.461,3179.375
3131.837,3167.208
3127.082,3162.979
3127.063,3159.519
3125.27,3151.6
3107.551,3134.131
3063.833,3105.661
3019.738,3087.208
2995.831,3078.212
3043.15,3108.47
3185.291,3178.163
3366.647,3243.698
3531.013,3303.793
3662.53,3369.913
3740.866,3424.011
3756.163,3459.858
3676.978,3447.441
3542.407,3423.739
3377.815,3383.872
3207.32,3327.319
3038.332,3255.213
2912.85,3196.217
2808.338,3123.404
2708.171,3039.863
2640.493,2979.714
2622.107,2937.96
2629.172,2897.587
2650.142,2864.555
2677.227,2839.17
2699.975,2818.401
2701.59,2792.426
2671.459,2755.585
2613.868,2713.984
2553.75,2679.947
2521.147,2661.173
2533.252,2658.262
2586.483,2667.265
2712.124,2720.447
2973.076,2854.793
3411.539,3078.948
4027.73,3389.875
[/divergence / WAVE_S]
[divergence / WAVE_M]
hma20,ema20
1232.34,1342.534
1249.922,1333.492
1279.717,1333.971
1330.549,1349.726
1394.518,1370.803
1464.032,1397.516
1519.348,1419.12
1552.282,1436.795
1675.048,1535.942
2008.096,1749.574
2597.484,2070.342
3254.731,2369.405
3863.595,2671.991
4335.921,2964.294
4626.135,3215.921
4731.813,3421.797
4699.676,3578.416
4610.029,3716.532
4582.169,3882.983
4630.634,4037.509
4760.674,4198.886
4899.662,4330.921
4975.142,4418.144
4954.978,4472.28
4881.735,4516.574
4802.271,4557.459
4727.673,4577.77
4645.925,4571.783
4576.829,4566.884
4534.794,4567.806
4480.022,4539.416
4427.813,4516.188
4346.6,4465.078
4237.3,4401.457
4124.392,4343.713
4081.407,4324.429
4165.35,4362.645
4313.906,4393.913
4472.463,4427
4551.09,4424.332
4556.294,4422.149
4475.542,4393.821
4375.846,4373.364
4291.244,4356.627
4233.543,4333.546
4188.123,4305.103
4129.669,4258.17
4043.828,4199.606
3915.181,4118.856
3791.097,4052.788
3707.196,4002.391
3630.988,3929.033
3565.412,3862.431
3504.457,3795.587
3434.142,3721.504
3360.03,3652.754
3305.938,3596.504
3279.057,3550.794
3304.906,3535.253
3353.343,3518.079
3403.755,3504.027
3407.516,3469.536
3381.705,3441.316
3323.897,3404.759
3242.964,3357.232
3181.525,3329.704
3203.23,3345.054
3273.114,3357.613
3371.176,3380.319
3425.516,3374.329
3433.261,3367.058
3386.758,3348.566
3303.289,3316.139
3216.958,3289.608
3166.333,3275.466
3135.201,3252.399
3117.312,3229.829
3108.512,3211.225
3087.005,3181.38
3057.815,3156.05
3032.772,3135.325
3077.009,3161.965
3190.157,3209.588
3350.286,3269.061
3495.815,3317.72
3558.653,3330.212
3515.703,3317.24
3374.435,3273.32
3210.877,3237.385
3011.774,3157.131
2842.115,3090.914
2724.299,3033.643
2667.419,2983.6
2652.267,2942.656
2649.253,2894.315
2630.497,2841.94
2606.881,2801.34
2606.338,2781.991
2746.132,2857.166
3156.938,3076.122
[/divergence / WAVE_M]
[divergence / WAVE_L]
hma20,ema20
5617.419,3794.683
5356.339,3933.014
5011.823,4046.194
4586.53,4034.49
4114.276,3952.068
3630.194,3818.732
3246.204,3709.64
2862.049,3512.651
2498.737,3297.589
2163.91,3078.552
1931.508,2899.341
1810.229,2753.987
2031.692,2807.982
2610.48,2996.851
3318.205,3178.682
3936.838,3348.245
4343.791,3487.259
4412.809,3528.99
4257.28,3563.135
3926.571,3516.487
3522.647,3428.32
3166.773,3356.184
2996.337,3337.973
2979.415,3326.161
3024.785,3292.847
3021.557,3221.19
2976.404,3162.562
2856.31,3075.12
2706.998,2987.95
2844.241,3115.003
3620.084,3570.761
4714.016,4007.704
5804.318,4423.401
6784.36,4909.209
7502.576,5343.883
7867.629,5699.525
7840.796,5905.948
7490.259,5991.348
7017.703,6061.221
6429.149,5988.796
5641.094,5722.777
4797.386,5429.051
4025.092,5119.008
3478.677,4865.336
3117.635,4592.526
2835.421,4272.449
2599.424,3982.098
2393.348,3709.517
2209.438,3453.563
2039.967,3207.199
1883.967,2971.609
1745.327,2758.21
1653.143,2583.61
1610.951,2435.854
1597.202,2302.88
1579.987,2176.933
1558.296,2069.26
1538.879,1981.165
1536.944,1914.812
1570.341,1876.047
1607.595,1833.974
1635.977,1798.856
1649.684,1770.123
1644.828,1740.565
1606.201,1699.642
1530.559,1645.302
1450.117,1600.842
1372.23,1552.737
1338.409,1529.959
1348.097,1516.487
1723.959,1760.163
2421.223,2090.155
3203.382,2389.954
3926.819,2718.822
4476.038,3014.874
4802.422,3285.259
4919.641,3506.764
4910.826,3691.661
4771.963,3797.583
4591.554,3886.557
4448.85,3974.311
4352.533,4033.12
4252.963,4048.517
4153.575,4048.723
4010.554,4004.798
3815.23,3928.416
3630.913,3865.921
3474.312,3790.92
3337.842,3704.061
3244.567,3632.995
3219.081,3587.312
3229.904,3543.315
3231.955,3487.228
3226.135,3441.338
3219.476,3406.399
3215.055,3377.812
3145.379,3301.22
3052.209,3238.553
2916.276,3150.865
2790.908,3079.12
[/divergence / WAVE_L]
[price_index / WAVE_S]
ap1,ap2
4340.1,4411.22
4201.52,4325.37
4177.78,4270.44
4210.99,4253.74
4263.73,4264.87
4263.85,4267.98
4210.41,4245.57
4210.89,4233.62
4153.73,4201.9
4048.64,4139.79
3916.93,4050.65
3929.41,4008.88
3831.29,3941.94
3705.03,3851.08
3659.69,3782.22
3662.36,3743.61
3774.53,3768.65
3689.08,3740.78
3563.15,3671.51
3415.23,3571.79
3417.48,3519.36
3447.53,3501.3
3401.53,3468.25
3335.39,3420.31
3258.6,3360.56
3259.95,3328.09
3208.57,3286.15
3210.99,3262.9
3286.46,3281.33
3384.99,3330.88
3453.51,3383.58
3457.62,3411.52
3496.87,3442.76
3499,3460.45
3467.22,3457.08
3297.86,3383.94
3249.85,3328.85
3186.18,3273.13
3116.33,3213.1
3087.04,3167.55
3088.24,3141.79
3099.83,3130.68
3213.89,3172.52
3383.68,3264.78
3465.15,3344.98
3467.11,3387.92
3556.01,3451.13
3494.52,3458.62
3385.14,3418.57
3250.37,3343.56
3247.17,3305.83
3259.18,3290.63
3207.57,3259.19
3141.85,3214.38
3080.77,3164.58
3080.85,3137.32
3180.76,3164.64
3172.46,3171.72
3129.84,3156.2
3101.23,3135.88
3102.03,3124.86
3135.75,3132.76
3138.22,3136.16
3109.68,3125.27
3046.8,3092.8
2966.76,3042.26
2995.63,3028.21
3032.28,3034.59
3250.63,3131.27
3510.85,3291.47
3561.38,3394.93
3598.67,3468.17
3694.71,3552.32
3692.15,3598.71
3642.82,3605.63
3407.64,3511.69
3325.34,3433.35
3204.07,3342.29
3062.42,3235.01
2908.58,3113.78
2906.53,3046.83
2765.76,2947.26
2628.99,2833.64
2677.44,2790.49
2722.77,2780.69
2690.54,2755.89
2693.6,2740.43
2705.46,2734.52
2708.54,2729.93
2658.92,2704.7
2570.9,2653.48
2506.27,2599.04
2509.01,2569.79
2562.28,2575.25
2636.8,2607.12
2707.35,2651.08
2973.48,2788.05
3504.81,3084.39
4163.62,3520.13
4895.6,4062.8
[/price_index / WAVE_S]
[price_index / WAVE_M]
ap1,ap2
1269.52,1281.49
1286.64,1287.11
1331.21,1308.85
1418.54,1357.77
1467.21,1403.35
1522.7,1451.38
1521.94,1476.88
1522.03,1492.02
2004.77,1710.77
2763.95,2148.53
3603.79,2733.47
3810.13,3132.56
4137.98,3498.98
4387.53,3815.69
4447.69,4026.5
4435.26,4150.38
4361.28,4198.19
4407.72,4256.64
4706.97,4423.57
4802.53,4556.34
4994.86,4715.13
4985.41,4800.77
4863.41,4800.16
4758.98,4763.25
4750.03,4746.74
4769.32,4749.46
4688.61,4717.45
4554.78,4645.28
4549.82,4607.54
4575.39,4597.86
4405.07,4518.74
4400.31,4477.03
4216.03,4374.24
4091.76,4266.55
4060.73,4194.04
4218.66,4221.56
4528.55,4364.5
4535.72,4434.47
4581.76,4491.07
4414.69,4449.96
4415.71,4432.66
4262.96,4359.16
4276.73,4328.62
4276.63,4310.89
4222.85,4276.9
4167.71,4234.74
4031.66,4154.35
3914.85,4062.77
3726.48,3933.41
3727.64,3864.08
3749.88,3832.04
3567.48,3732.66
3531.48,3663.6
3462.5,3594.35
3353.69,3508.18
3309.57,3441.22
3312.33,3403.17
3318.18,3380.72
3443.98,3420.25
3422.63,3426.95
3426.22,3430.37
3295.7,3375.88
3297.04,3348.85
3221.39,3300.91
3122.6,3232.41
3188.85,3224.25
3409.65,3311.31
3416.39,3353.42
3491.28,3406.99
3352.28,3375.34
3337,3356.19
3262.45,3315.99
3158.58,3252.59
3156.24,3219.35
3199.6,3218.91
3133.39,3188.3
3112.2,3162.68
3112.3,3148.11
3030.23,3103.73
3026.55,3078.16
3028.43,3063.22
3276.78,3161.94
3431.77,3274.3
3552.44,3383.35
3553.46,3442.04
3399.51,3409.55
3264.34,3340.51
3068.43,3225.22
3064.29,3165.81
2772.76,3008.27
2768.69,2924.3
2751.6,2868.34
2734.55,2827.06
2737.19,2801.9
2654.09,2749.59
2582.51,2689.53
2597.79,2662.05
2677.37,2679.16
3195.62,2910.19
4102.86,3413.77
[/price_index / WAVE_M]
[price_index / WAVE_L]
ap1,ap2
4776.93,4638.15
4663.1,4593.03
4642.79,4577.22
4046.95,4317.72
3617.28,4010.74
3226.04,3689.19
3211.5,3514.76
2573.48,3149.59
2251.61,2822.29
2001.51,2536.13
2004.85,2374.37
2020.77,2278.72
2991.31,2641.14
3836.14,3167.88
4019.27,3503.65
4151.85,3739.64
4166.47,3876.27
3762.46,3784.19
3755.42,3749.28
3327.84,3552.71
3033.66,3332.59
3025.36,3217.39
3255.47,3250.82
3274.46,3267.31
3139.47,3214.6
2872.92,3078.11
2867.4,3007.26
2638.23,2869.97
2549.62,2758.54
3678.74,3183.43
5711.51,4252.79
6107.7,4954.08
6449.94,5481.78
7290.44,6139.85
7493.99,6593.32
7473.57,6854.5
6986.92,6808.19
6500.01,6602.92
6470.81,6509.07
5724.07,6144.4
4524.56,5454.24
4056.7,4910.9
3622.95,4442.6
3605.97,4178.8
3228.69,3859.49
2674.35,3442.38
2521.03,3144.27
2333.24,2887.65
2157.81,2659.6
1961.08,2438.55
1781.76,2230.18
1679.83,2061.93
1696.88,1964.95
1682.99,1893.37
1625.84,1819.83
1538.15,1735.13
1521.08,1676.38
1530.95,1642.06
1571.34,1634.82
1665.52,1666.24
1612.81,1654.97
1613.51,1647.72
1618.09,1643.89
1587.78,1626.92
1493.29,1577.23
1376.12,1500.86
1378.2,1461.02
1313.86,1409.52
1410.75,1421.96
1444.11,1438.22
2890.47,2069.66
3652.62,2705.57
3829.04,3114.22
4309.26,3549.72
4457.22,3858.12
4609.16,4105.55
4598.04,4250.5
4606.56,4348.95
4350.38,4299.87
4350.27,4289.77
4426.23,4324.27
4346.16,4310.82
4160.37,4225.55
4084.24,4152.76
3821.02,4005.49
3570.54,3828.74
3560.56,3734.25
3421.03,3620.34
3275.72,3494.32
3277.42,3424.66
3349.27,3413.68
3313.29,3386.72
3199.29,3321.11
3201.01,3286.08
3219.14,3271.98
3222.63,3262.56
2919.94,3126.12
2923.08,3056.91
2717.67,2929.1
2720.85,2861.22
[/price_index / WAVE_L]
[price_updown_bb / PRICE_WAVE_L]
datetime,price_open,price_high,price_low,price_close,price_volume,price_upbb_u,price_upbb_m,price_upbb_l
2026-01-14,171600,185900,168900,177800,3285414,214056.33,158544.68,108511.12
2026-01-15,177800,185900,173000,180000,1266591,211792.96,163231.39,113895.79
2026-01-16,173500,185700,173000,178500,1282769,206070.94,168009.67,120716.29
2026-01-19,185700,185700,176000,177500,968084,199755.54,172287.91,129895.25
2026-01-20,176500,180500,169600,172100,974249,194412.99,175202.11,143076.01
2026-01-21,176400,176400,165500,172200,1012880,193078.5,176583.55,154474.84
2026-01-22,167400,178800,165500,170400,1034728,193617.42,177056.93,162163.91
2026-01-23,178700,178800,168900,171100,644666,192058.37,176719.61,163422.48
2026-01-26,169800,173800,168400,169500,753397,189503.85,176376.37,164037.65
2026-01-27,171200,175800,164700,174800,1620819,189343.19,175968.72,164590.63
2026-01-28,169800,184900,164700,182000,2220792,188867.41,175700.04,164935.77
2026-01-29,182000,210000,177600,203500,7160116,192378.48,175835.11,164622.74
2026-01-30,198900,220000,189000,211000,4364912,200957.45,176928.42,164448.17
2026-02-02,199900,220000,186100,187100,2807793,209611.12,178357.43,161854.85
2026-02-03,205000,205000,186100,199300,1841243,215940.3,179756.43,159795.34
2026-02-04,197500,208000,191300,202500,1487504,219885.97,181715.14,158734.57
2026-02-05,194000,208000,191700,193500,1211016,222733.31,183806.14,158249.03
2026-02-06,197100,200500,180400,196000,1470302,224413.93,186096.99,159222.37
2026-02-09,190800,203000,180400,197800,1365865,224091.67,188404.23,160843.38
2026-02-10,202500,203000,193700,194900,825009,220955.45,190825.91,163665.07
2026-02-11,197000,201000,187500,190500,670835,214846.21,193282.76,167594.27
2026-02-12,192700,224500,187500,209500,5790612,213344.32,195335.87,173652.79
2026-02-13,200500,224500,199400,202500,1093939,216861.48,196582.23,179004.17
2026-02-19,205500,208500,200000,201500,817087,219116.52,197487.07,179610.98
2026-02-20,207000,207500,197300,200500,836127,219605.12,198391.91,179275.2
2026-02-23,200500,208500,197300,204000,939820,219825.76,198904.53,179435.09
2026-02-24,201500,214000,196800,210000,1645860,220170.56,199284.86,179369.78
2026-02-25,203500,215500,196800,214500,1064978,220737.29,200239.84,180277.55
2026-02-26,210500,277500,208000,275500,6002195,235001.59,201561.91,182453.66
2026-02-27,233000,332500,228000,323500,6683384,266000.53,205732.41,184734.91
2026-03-03,263500,332500,261500,282000,2299627,294586.37,213510.07,182474.68
2026-03-04,314000,319500,251500,259000,4796391,316914.69,220880.18,175585.72
2026-03-05,261500,323000,251500,315000,3089855,335784.46,227885.9,173345.6
2026-03-06,302000,334000,301000,333500,2232244,352770.45,236670.78,172854.69
2026-03-09,326000,334000,293000,305000,1519978,365598.43,247135.11,168776.27
2026-03-10,303500,335500,293000,324000,1602070,373176.27,257508.98,168459.66
2026-03-11,334500,335500,303500,312500,1091554,374222.95,268691.19,172373.3
2026-03-12,326500,327500,303500,317000,790870,364332.1,279693.12,179995.67
2026-03-13,305000,317000,299000,305500,830276,351039.11,290738.16,192631.25
2026-03-16,303000,313000,290000,300000,879249,344185.82,298163.3,209671.79
2026-03-17,304500,318000,290000,301000,656744,341040.07,301408.89,227543.71
2026-03-18,317500,318000,300000,311000,920505,338321.84,305062.04,240128.54
2026-03-19,308500,313500,300000,307000,788358,336906.88,309037.46,253863.64
2026-03-20,301000,318500,300000,309500,680315,337402.23,310991.42,272716.82
2026-03-23,310000,318500,296000,297000,788575,337308.01,311234.8,281104.3
2026-03-24,301500,313000,286500,296500,853963,335926.7,311180.65,286594.85
2026-03-25,309500,309500,286500,300000,675633,333221.14,310318.15,289517.03
2026-03-26,300500,304000,277000,278000,650141,329584.38,309162.28,285851.36
2026-03-27,296000,298500,257000,275500,773071,326421.62,307227.31,276746.08
2026-03-30,269000,281000,253500,260500,596465,326162.53,304586.48,267053.36
2026-03-31,259500,265000,242500,251000,886467,329331.47,301346.05,255996.6
2026-04-01,251000,275000,242500,273500,815377,333480.13,297522.95,245998.27
2026-04-02,265500,282500,251500,256000,850313,333730.92,293072.69,239074.59
2026-04-03,280500,282500,251500,260000,528858,331955.38,288825.83,235150.63
2026-04-06,264000,264500,248500,252000,577342,328253.94,284834.66,233264.33
2026-04-07,259500,263500,247500,253500,579361,323688.11,280727.2,232648.86
2026-04-08,260500,281500,247500,280500,1027627,317363.39,276619.74,234465
2026-04-09,277000,286000,267500,286000,646513,309515.14,272907.2,238634.35
2026-04-10,278000,290500,271500,286000,1087130,301280.29,270336.56,242732.72
2026-04-13,290000,290500,275000,276500,387276,292944.72,269580.81,243500.53
2026-04-14,278000,286000,275000,284000,558026,289207.04,270051.28,240871.71
2026-04-15,285000,296500,280500,295000,898476,291779.65,271104.41,239617.35
2026-04-16,296000,296500,288000,292000,458794,294789.3,273105.5,238863.05
2026-04-17,294000,295000,285500,286500,359159,297368.89,275306.95,238187.13
2026-04-20,290500,291000,282500,287000,317137,299427.53,277422.1,239383.42
2026-04-21,286500,295000,282500,295000,496193,299640.05,279951.07,242784.29
2026-04-22,287500,295000,286000,293500,684772,298796.78,282551.84,248316.86
2026-04-23,292000,306500,283000,293500,1047056,300081.99,285009.53,256388.75
2026-04-24,295000,306500,283000,295500,570284,302620.65,286749.11,262588.88
2026-04-27,292000,379500,291000,373500,5287941,325018.82,288204.54,267659.27
2026-04-28,305000,379500,302000,367000,1775578,346411.17,293127.04,271466.86
2026-04-29,367000,377500,348000,357500,886254,364678.26,299555.71,273654.29
2026-04-30,357000,392500,348000,368000,2575384,382847.42,305772.78,265790.01
2026-05-04,367000,392500,361500,378000,1064176,398489.79,312568.63,259628.88
2026-05-06,385000,397500,372500,394500,1441060,411577.39,320125.45,254855.18
2026-05-07,395500,413000,371000,393000,1232988,423309.89,328920.16,252307.39
2026-05-08,398000,413000,371000,390000,699479,431016.77,338244.7,253608.05
2026-05-11,385000,401500,379000,400000,1138423,432985.84,347683.9,258415.77
2026-05-12,392500,426000,358000,377500,2277368,429046.29,357248.86,267580.96
2026-05-13,397500,426000,358000,400500,1015741,431024.36,366680.2,281487.99
2026-05-14,371000,409500,365500,409500,1085030,432785.91,373022.93,299084.03
2026-05-15,393000,409500,365000,369000,1042610,431346.68,377394.77,320572.98
2026-05-18,405000,406000,296500,317000,2398380,429543.31,381335.14,328764.58
2026-05-19,337000,338000,277000,288000,1365281,426422.41,382588.82,318327.65
2026-05-20,303000,305500,277000,287500,1190665,430236.33,380120.33,300588.94
2026-05-21,295000,334000,283000,332500,1291819,444813.49,374679.56,284524.66
2026-05-22,298000,334000,296500,320500,721171,451071.77,368637.14,272615.98
2026-05-26,326500,333000,315000,329000,1002035,453387.74,362270.42,265209.82
2026-05-27,328500,354000,312000,319000,1860431,449558.21,355902.08,263086.59
2026-05-28,350500,354000,284000,292500,1395171,440800.53,349533.74,261560.64
2026-05-29,313000,313000,277500,282000,1603208,428816.56,342714.22,262330.43
2026-06-01,301000,301000,277500,293000,1225560,415782.03,335304.94,272211.74
2026-06-02,289500,299000,273000,275500,1077612,399507.42,326839.5,276469.51
2026-06-04,295500,325000,273000,304000,2395265,374880,319990.97,274007.99
2026-06-05,281000,325000,278000,283000,967822,361173.02,315965.39,270659.17
2026-06-08,294000,298500,250500,253500,954331,358949.76,312834.29,263357.83
2026-06-09,250500,284000,250500,276500,851234,358099.35,308045.63,255520.25
2026-06-10,269000,302500,255500,270000,1022229,358090.81,303353.03,249710.31
2026-06-11,270000,302500,259000,291000,1379286,354026.38,298241.87,248361.79
2026-06-12,262500,372500,259000,361000,6018622,348409.06,293936.35,247950.81
[/price_updown_bb / PRICE_WAVE_L]
