[meta]
code,042700
name,한미반도체
[/meta]
[raw_daily / RAW]
datetime,open,high,low,close,volume
2026-01-14,177800,185900,175200,177800,3285414
2026-01-15,173500,180000,173000,180000,1266591
2026-01-16,185700,185700,176900,178500,1282769
2026-01-19,176500,180500,176000,177500,968084
2026-01-20,176400,176400,169600,172100,974249
2026-01-21,167400,173300,165500,172200,1012880
2026-01-22,178700,178800,169400,170400,1034728
2026-01-23,169800,173800,168900,171100,644666
2026-01-26,171200,171400,168400,169500,753397
2026-01-27,169800,175800,164700,174800,1620819
2026-01-28,182000,184900,177600,182000,2220792
2026-01-29,198900,210000,189000,203500,7160116
2026-01-30,199900,220000,198400,211000,4364912
2026-02-02,205000,205000,186100,187100,2807793
2026-02-03,197500,199300,191300,199300,1841243
2026-02-04,194000,208000,191900,202500,1487504
2026-02-05,197100,200500,191700,193500,1211016
2026-02-06,190800,199400,180400,196000,1470302
2026-02-09,202500,203000,193700,197800,1365865
2026-02-10,197000,201000,194000,194900,825009
2026-02-11,192700,193900,187500,190500,670835
2026-02-12,200500,224500,199400,209500,5790612
2026-02-13,205500,208500,200000,202500,1093939
2026-02-19,207000,207500,200000,201500,817087
2026-02-20,200500,202000,197300,200500,836127
2026-02-23,201500,208500,200500,204000,939820
2026-02-24,203500,214000,196800,210000,1645860
2026-02-25,210500,215500,208000,214500,1064978
2026-02-26,233000,277500,228000,275500,6002195
2026-02-27,263500,332500,261500,323500,6683384
2026-03-03,314000,319500,280000,282000,2299627
2026-03-04,261500,300000,251500,259000,4796391
2026-03-05,302000,323000,301000,315000,3089855
2026-03-06,326000,334000,305000,333500,2232244
2026-03-09,303500,313500,293000,305000,1519978
2026-03-10,334500,335500,306500,324000,1602070
2026-03-11,326500,327500,303500,312500,1091554
2026-03-12,305000,317000,303500,317000,790870
2026-03-13,303000,313000,299000,305500,830276
2026-03-16,304500,305000,290000,300000,879249
2026-03-17,317500,318000,300000,301000,656744
2026-03-18,308500,312500,302000,311000,920505
2026-03-19,301000,313500,300000,307000,788358
2026-03-20,310000,318500,307500,309500,680315
2026-03-23,301500,313000,296000,297000,788575
2026-03-24,309500,309500,286500,296500,853963
2026-03-25,300500,304000,296500,300000,675633
2026-03-26,296000,298500,277000,278000,650141
2026-03-27,269000,281000,257000,275500,773071
2026-03-30,259500,264500,253500,260500,596465
2026-03-31,251000,265000,242500,251000,886467
2026-04-01,265500,275000,260000,273500,815377
2026-04-02,280500,282500,251500,256000,850313
2026-04-03,264000,264500,252500,260000,528858
2026-04-06,259500,263500,248500,252000,577342
2026-04-07,260500,262000,247500,253500,579361
2026-04-08,277000,281500,267500,280500,1027627
2026-04-09,278000,286000,271500,286000,646513
2026-04-10,290000,290500,278500,286000,1087130
2026-04-13,278000,280000,275000,276500,387276
2026-04-14,285000,286000,280500,284000,558026
2026-04-15,296000,296500,289500,295000,898476
2026-04-16,294000,295000,288000,292000,458794
2026-04-17,290500,291000,285500,286500,359159
2026-04-20,286500,290000,282500,287000,317137
2026-04-21,287500,295000,287500,295000,496193
2026-04-22,292000,295000,286000,293500,684772
2026-04-23,295000,306500,283000,293500,1047056
2026-04-24,292000,298000,291000,295500,570284
2026-04-27,305000,379500,302000,373500,5287941
2026-04-28,367000,377500,352500,367000,1775578
2026-04-29,357000,362500,348000,357500,886254
2026-04-30,367000,392500,361500,368000,2575384
2026-05-04,385000,386000,372500,378000,1064176
2026-05-06,395500,397500,378500,394500,1441060
2026-05-07,398000,413000,371000,393000,1232988
2026-05-08,385000,392000,379000,390000,699479
2026-05-11,392500,401500,389000,400000,1138423
2026-05-12,397500,426000,358000,377500,2277368
2026-05-13,371000,400500,365500,400500,1015741
2026-05-14,393000,409500,385000,409500,1085030
2026-05-15,405000,406000,365000,369000,1042610
2026-05-18,337000,338000,296500,317000,2398380
2026-05-19,303000,305500,277000,288000,1365281
2026-05-20,295000,300500,283000,287500,1190665
2026-05-21,298000,334000,296500,332500,1291819
2026-05-22,326500,329500,315000,320500,721171
2026-05-26,328500,333000,317000,329000,1002035
2026-05-27,350500,354000,312000,319000,1860431
2026-05-28,313000,313000,284000,292500,1395171
2026-05-29,301000,301000,277500,282000,1603208
2026-06-01,289500,299000,285500,293000,1225560
2026-06-02,295500,296500,273000,275500,1077612
2026-06-04,281000,325000,280000,304000,2395265
2026-06-05,294000,298500,278000,283000,967822
2026-06-08,250500,275500,250500,253500,954331
2026-06-09,269000,284000,255500,276500,851234
2026-06-10,270000,302500,261000,270000,1022229
2026-06-11,262500,291000,259000,291000,1379286
2026-06-12,306000,372500,298000,361000,6018622
[/raw_daily / RAW]
[updown_bb / WAVE_S]
datetime,open,high,low,close,upbb_u,upbb_m,upbb_l,rsi,stoch
2026-05-13 04:48,371000,371000,365500,369900,423660.92,394725.5,357412.72,63.31,75.89
2026-05-13 09:36,369900,379800,369900,379800,421839.7,393102.62,358384.5,47.07,57.64
2026-05-13 14:24,379800,389700,379800,389700,419639.37,390937.85,362011.11,43.84,41.49
2026-05-13 19:12,389700,399600,389700,399600,416741.9,389059.41,362254.66,46.7,39.53
2026-05-14 00:00,399600,409500,399600,409500,416834.5,388662.12,362069.26,52.06,48.97
2026-05-14 04:48,393000,406000,393000,406000,417438.94,390491.97,360977.63,58.05,67.01
2026-05-14 09:36,406000,409500,400000,400000,418315.78,392475.39,362874.35,58.79,77.63
2026-05-14 14:24,400000,400000,387000,387000,418428.57,394215.58,366444.77,55.94,76.88
2026-05-14 19:12,387000,387000,374000,374000,417890.37,395488.46,370350.86,55.94,76.51
2026-05-15 00:00,374000,374000,365000,369000,414219.37,394483.26,368905.11,49.31,64.57
2026-05-15 14:24,405000,406000,380800,380800,409001.46,392535.83,368180.55,40.97,42.73
2026-05-16 04:48,380800,380800,354600,354600,408935.66,392463.62,365430.2,44.66,39.07
2026-05-16 19:12,354600,354600,328400,328400,409260.82,391304.91,354437.45,33.18,25.48
2026-05-17 09:36,328400,328400,302200,302200,415158.54,387932.56,335738.73,24.24,14.96
2026-05-18 00:00,302200,317000,296500,317000,423176.75,381834.28,316553.55,18.16,8.54
2026-05-18 04:48,337000,338000,324400,324400,428730.18,375011.86,303563.9,18.16,8.14
2026-05-18 09:36,324400,324400,309800,309800,427694.62,368012.39,294841.52,17.94,7.49
2026-05-18 14:24,309800,309800,295200,295200,423893.89,360325.19,286982.68,15.65,5.46
2026-05-18 19:12,295200,295200,280600,280600,418792.87,351488.37,278183.92,13.31,3.68
2026-05-19 00:00,280600,288000,277000,288000,413998.27,341940.3,270032.2,11.27,2.43
2026-05-19 04:48,303000,305500,299700,299700,405413.1,333237.28,267756.53,11.27,1.82
2026-05-19 09:36,299700,299700,291400,291400,390927.68,324507.42,271400.86,14.77,3.42
2026-05-19 14:24,291400,291400,283100,283100,373482.98,316858.06,274311.15,13.85,3.54
2026-05-19 19:12,283100,283100,277000,279200,358006.26,310549.27,273057.71,12.61,3.31
2026-05-20 00:00,279200,287500,279200,287500,348348.08,305966.09,270444.96,11.75,2.16
2026-05-20 04:48,295000,295000,283000,283900,341428.16,301382.91,270020.25,11.75,1.6
2026-05-20 09:36,283900,296800,283900,296800,330968.44,297274.52,273142.12,18.01,6.86
2026-05-20 14:24,296800,309700,296800,309700,319886.36,294115.26,276589.42,18.31,12.69
2026-05-20 19:12,309700,322600,309700,322600,313605.88,292947.41,277919.8,31.21,50.18
2026-05-21 00:00,322600,334000,322600,332500,318008.58,294051.54,275862.99,43.22,75.09
2026-05-21 04:48,298000,305500,296500,305500,323014.87,295471.9,273667.61,46.46,87.55
2026-05-21 09:36,305500,316000,305500,316000,325150.27,296619.22,272374.63,46.46,93.77
2026-05-21 14:24,316000,326500,316000,326500,328827.48,298369.72,271755.87,48.62,96.89
2026-05-21 19:12,326500,334000,326500,331000,333742.35,301284.4,272095.83,54.82,98.44
2026-05-22 00:00,331000,331000,320500,320500,336712.71,304977.23,272981.03,58.16,99.22
2026-05-22 19:12,326500,326500,319800,319800,337610.86,308670.06,275933.03,58.16,99.61
2026-05-23 14:24,319800,319800,315000,316900,335969.72,311878.25,280981.43,56.76,98.39
2026-05-24 09:36,316900,323600,316900,323600,332943.35,315034.18,288166.72,56.21,96.59
2026-05-25 04:48,323600,330300,323600,330300,331954.15,317348.31,294744.6,56.21,94.85
2026-05-26 00:00,330300,333000,329000,329000,333355.39,319048.59,298346.57,61.61,97.42
2026-05-26 04:48,328500,343400,328500,343400,336659.83,320577.25,300717.4,63.42,98.71
2026-05-26 09:36,343400,354000,343400,349700,341133.81,322834.56,304294.75,71.06,99.36
2026-05-26 14:24,349700,349700,334800,334800,345741.61,325542.47,307025.1,75.96,99.68
2026-05-26 19:12,334800,334800,319900,319900,349479.87,327672.92,310371.39,75.96,99.84
2026-05-27 00:00,319900,319900,312000,319000,350758.65,329134.3,311226.08,68.68,92.16
2026-05-27 04:48,350500,354000,341100,341100,352033.47,329802.34,311799.59,54.49,69.35
2026-05-27 09:36,341100,341100,324700,324700,352655.21,331548.69,313129.51,64.58,81.5
2026-05-27 14:24,324700,324700,308300,308300,351456.3,332671,313799.6,55.45,70.08
2026-05-27 19:12,308300,308300,291900,291900,349891.3,332721.77,309100.16,44.16,40.3
2026-05-28 00:00,291900,292500,284000,292500,352434.82,331095.49,300112.95,34.78,22.26
2026-05-28 04:48,313000,313000,305000,305000,357775.76,329324.59,293572.73,34.78,18.27
2026-05-28 09:36,305000,305000,297000,297000,358684.89,326814.17,289481.38,34.7,16.12
2026-05-28 14:24,297000,297000,289000,289000,357517.9,323142.18,286349.3,31.02,11.65
2026-05-28 19:12,289000,289000,281000,281000,355235.15,318832.57,281785.18,27.11,7.76
2026-05-29 00:00,281000,282000,277500,282000,353675.1,314146.89,276374.89,23.5,4.92
2026-05-29 14:24,301000,301000,293200,293200,349320.54,310254.53,272974.06,23.5,3.5
2026-05-30 04:48,293200,293200,285400,285400,342238.74,305763.68,275118.87,29.87,7.43
2026-05-30 19:12,285400,285400,277600,277600,332243.78,301517.6,276674.72,27.18,7.54
2026-05-31 09:36,277600,285200,277500,285200,322934.77,297789.15,276005.41,23.97,4.9
2026-06-01 00:00,285200,293000,285200,293000,316405.1,295337.85,274364.81,23.97,3.58
2026-06-01 04:48,289500,297100,289500,297100,312787.6,293213.02,274198.44,29.99,9.46
2026-06-01 09:36,297100,299000,293300,293300,307779.78,291474.29,276586.92,36.42,23.93
2026-06-01 14:24,293300,293300,285700,285700,302563.14,290276.59,278749.9,36.75,41.03
2026-06-01 19:12,285700,285700,278100,278100,298724.4,289716.5,279099.99,36.75,58.51
2026-06-02 00:00,278100,278100,273000,275500,297994.5,289549.5,277580.88,33.33,52.22
2026-06-02 09:36,295500,295500,276400,276400,297601.88,288894.9,276127.43,28.63,38.92
2026-06-02 19:12,276400,288700,273000,288700,296891.64,287803.6,274650.35,28.18,32.84
2026-06-03 04:48,288700,307800,288700,307800,298090.79,287125.63,273273.55,28.18,29.8
2026-06-03 14:24,307800,325000,307800,323100,305823.19,288090.49,273389.52,49.6,64.9
2026-06-04 00:00,323100,323100,304000,304000,313134.01,290295.02,271485,63.4,82.45
2026-06-04 04:48,281000,293400,278000,293400,318217.08,292270.58,271397.29,64.26,91.23
2026-06-04 09:36,293400,311800,293400,311800,320080.33,293048.03,271263.7,52.7,80.57
2026-06-04 14:24,311800,325000,311800,319800,323853.93,294396.57,270860.85,58.64,86.04
2026-06-04 19:12,319800,319800,301400,301400,327109.82,296243.19,268931.6,62.99,93.02
2026-06-05 00:00,301400,301400,283000,283000,328647.45,298397.59,270472.52,62.99,96.51
2026-06-05 14:24,294000,298500,291900,291900,327026.38,300083.36,272804.3,50.42,80.54
2026-06-06 04:48,291900,291900,280800,280800,323124.36,301462.82,276363.57,46.57,65.89
2026-06-06 19:12,280800,280800,269700,269700,322343.07,302151.13,278468.42,40,35.23
2026-06-07 09:36,269700,269700,258600,258600,325673,300891.23,273291.35,33.47,18.5
2026-06-08 00:00,258600,258600,250500,253500,328660.98,297438.39,264177.52,27.86,9.62
2026-06-08 04:48,250500,258700,250500,258700,331328.71,293888.06,255707.7,27.86,5.18
2026-06-08 09:36,258700,266900,258700,266900,333355.07,290284.66,249366.44,23.41,3.28
2026-06-08 14:24,266900,275100,266900,275100,330018.12,286254.03,244957.42,25.87,4.04
2026-06-08 19:12,275100,283300,275100,283300,323429.22,282176.53,244912.94,32.5,9.17
2026-06-09 00:00,283300,284000,276500,276500,314394.95,278687.39,245933.47,40.25,21.27
2026-06-09 04:48,269000,269000,255500,260600,306391.96,276155.11,248256.36,40.26,29.05
2026-06-09 09:36,260600,279200,260600,279200,298207.43,273633.39,251592.34,37.16,31.29
2026-06-09 14:24,279200,297800,279200,297800,292072.7,271956.07,254914.7,39.46,44.05
2026-06-09 19:12,297800,302500,288600,288600,292621.61,272221.03,255156.14,52.93,72.03
2026-06-10 00:00,288600,288600,270000,270000,296017.45,273545.65,253717.94,54.05,86.01
2026-06-10 04:48,270000,270000,259000,261200,298262.33,274870.27,255276.56,54.05,93.01
2026-06-10 09:36,261200,274400,261200,274400,297024.95,275852.78,257110.39,40.48,67.04
2026-06-10 14:24,274400,287600,274400,287600,296041.69,276671.87,258937.39,40.48,47.45
2026-06-10 19:12,287600,300800,287600,300800,297166.5,277718.14,259774.87,49.24,57.75
2026-06-11 00:00,300800,302500,291000,291000,299679.44,279105.66,258131.16,58.54,78.87
2026-06-11 04:48,262500,281200,259000,281200,301290.12,280532.94,259049.85,58.9,89.44
2026-06-11 09:36,281200,306900,281200,306900,301503.79,281926.29,260752.05,53.96,84.53
2026-06-11 14:24,306900,332600,306900,332600,310276.81,284153.32,262577.7,62.94,92.26
2026-06-11 19:12,332600,358300,332600,358300,326520.91,286941.67,258652.5,72.77,96.13
2026-06-12 00:00,358300,372500,358300,361000,345543.59,291628.38,250581.36,79.97,98.07
[/updown_bb / WAVE_S]
[updown_bb / WAVE_M]
datetime,open,high,low,close,upbb_u,upbb_m,upbb_l,rsi,stoch
2026-04-22 00,292500,295000,292500,293500,293687.66,288424.99,282277.65,69.52,77.06
2026-04-22 08,292000,292000,283000,289166.667,293644.81,288474.11,282396.51,69.08,87.88
2026-04-22 16,289166.667,304333.333,289166.667,304333.333,296468.13,288523.23,282527.85,69.08,93.29
2026-04-23 00,304333.333,306500,293500,293500,300174.64,289271.56,282352.27,81.24,96.64
2026-04-23 08,295000,295000,283000,286500,302644.07,290167.18,282658.16,75.33,93.64
2026-04-23 16,286500,302000,286500,302000,303757.52,291062.8,283349.32,75.33,92.14
2026-04-24 00,302000,306500,295500,295500,305272.28,292043.87,284311.38,77.15,95.45
2026-04-25 00,292000,321833.333,291000,321833.333,310379.32,292955.81,284346.52,77.36,97.65
2026-04-26 00,321833.333,353666.667,321833.333,353666.667,323866.09,294773.85,284078.23,89.32,98.82
2026-04-27 00,353666.667,379500,353666.667,373500,343471.6,298619.92,278533.15,94.81,99.41
2026-04-27 08,305000,330000,302000,330000,355994.91,303401.55,273764.46,96.01,99.71
2026-04-27 16,330000,361000,330000,361000,364234.63,308190.1,272785.83,96.01,99.85
2026-04-28 00,361000,379500,361000,367000,375098.32,314023.98,272032.03,96.88,99.93
2026-04-28 08,367000,377500,367000,371500,385024.67,320105.05,268772.08,97.38,99.96
2026-04-28 16,371500,371500,355000,355000,391518.47,326604.33,267243.94,97.54,99.98
2026-04-29 00,355000,357500,348000,357500,393715.33,333103.62,270672.69,97.54,99.99
2026-04-29 08,357000,365000,348000,365000,390385.17,339417.9,277803.55,95.3,99.27
2026-04-29 16,365000,391000,365000,391000,386916.57,346038.52,286763.94,95.67,99.63
2026-04-30 00,391000,392500,368000,368000,387429.53,352787.97,298847.42,96.79,99.82
2026-05-01 08,367000,373000,361500,373000,391176.39,357307.51,307692.48,92.51,97.95
2026-05-02 16,373000,390000,373000,390000,393030.73,360761.63,315551.94,92.51,97.02
2026-05-04 00,390000,392500,378000,378000,393127.25,364981.89,326661.33,93.8,98.51
2026-05-04 16,385000,385000,372500,373500,394916.56,368156.82,337768.88,93.8,99.26
2026-05-05 08,373500,387000,373500,387000,396331.59,370657.71,342354.64,94.03,99.63
2026-05-06 00,387000,397500,387000,394500,398555.91,372842.77,343680.34,94.03,99.81
2026-05-06 08,395500,413000,395500,403333.333,403213.4,375606.86,345373.12,94.99,99.91
2026-05-06 16,403333.333,403333.333,376166.667,376166.667,403731.04,379154.4,348825.87,95.86,99.95
2026-05-07 00,376166.667,393000,371000,393000,405842.4,381882.74,355124.82,83.99,88.84
2026-05-07 08,398000,413000,398000,402666.667,409130.96,383355.7,359496.58,83.99,83.29
2026-05-07 16,402666.667,402666.667,377333.333,377333.333,411253.84,385638.63,362308.31,86.49,91.64
2026-05-08 00,377333.333,390000,371000,390000,411965.21,387257.57,367058.69,72.72,76.58
2026-05-09 00,385000,385000,379000,383000,411536.1,388110.36,370202.05,72.72,69.04
2026-05-10 00,383000,393000,383000,393000,410743.68,388764.84,371633.01,68.68,59.53
2026-05-11 00,393000,401500,393000,400000,408898.99,389540.68,373457.85,71.06,58
2026-05-11 08,392500,426000,392500,419166.667,410940.05,390779.87,374398.6,74.79,71.83
2026-05-11 16,419166.667,419166.667,378833.333,378833.333,414506.15,392337.69,374320.06,80.26,85.91
2026-05-12 00,378833.333,378833.333,358000,377500,417217.03,393206.08,372015.39,80.26,92.96
2026-05-12 08,397500,397500,358000,362833.333,417294.83,393418.11,367847.77,59.63,62.21
2026-05-12 16,362833.333,407166.667,362833.333,407166.667,417039.11,393570.67,364370.18,58.77,54.2
2026-05-13 00,407166.667,426000,400500,400500,419037.57,393115.12,361625.62,58.77,50.19
2026-05-13 08,371000,376500,365500,376500,420875.81,393720.8,361302.1,63.15,56.96
2026-05-13 16,376500,393000,376500,393000,421031.57,393471.15,361015.41,50.34,41.45
2026-05-14 00,393000,409500,393000,409500,420063.3,393747.88,360895.95,54.29,40.95
2026-05-14 08,393000,409500,393000,404333.333,419652.49,394649.98,360619.23,63.13,60.34
2026-05-14 16,404333.333,404333.333,382666.667,382666.667,419002.61,394807.51,360912.83,59.12,63.83
2026-05-15 00,382666.667,382666.667,365000,369000,417224.56,394067.36,361512.28,59.12,65.57
2026-05-16 00,405000,406000,363333.333,363333.333,414968.68,392678.11,361142.56,50.05,57.02
2026-05-17 00,363333.333,363333.333,319666.667,319666.667,414774.53,391599.43,352243.38,40.92,42.04
2026-05-18 00,319666.667,319666.667,296500,317000,418876.69,387889.54,334261.89,24.92,24.62
2026-05-18 08,337000,338000,314666.667,314666.667,427872.07,383566.55,320373.75,22.67,21.12
2026-05-18 16,314666.667,314666.667,290333.333,290333.333,430293.43,377444.8,303806.84,18.45,14.5
2026-05-19 00,290333.333,290333.333,277000,288000,435797.53,370333.61,286157.11,14.5,9.07
2026-05-19 08,303000,305500,294166.667,294166.667,439508.25,362450.71,273479.43,13.72,8.93
2026-05-19 16,294166.667,294166.667,280333.333,280333.333,436756.79,352971.21,263846.08,12.52,6.76
2026-05-20 00,280333.333,287500,277000,287500,430034.58,342754.89,258384.33,10.98,4.62
2026-05-20 08,295000,295000,283000,292500,419106.77,332538.57,256938.81,10.98,3.8
2026-05-20 16,292500,314000,292500,314000,403259.68,323064.32,261681.36,12.2,4.04
2026-05-21 00,314000,334000,314000,332500,380057.74,315042.18,266938.64,20.06,9.84
2026-05-21 08,298000,312500,296500,312500,357984.78,310822.56,270599.66,32.45,23.32
2026-05-21 16,312500,330000,312500,330000,346371.43,307216.04,276580.03,32.45,36.06
2026-05-22 00,330000,334000,320500,320500,335804.07,305712.72,278368.83,39.73,68.03
2026-05-23 08,326500,326500,315333.333,315333.333,331869.54,306054.17,275766.98,39.73,84.01
2026-05-24 16,315333.333,325833.333,315000,325833.333,334033.59,306898.24,274011.03,40.4,92.01
2026-05-26 00,325833.333,333000,325833.333,329000,337166.31,308571.83,274139.52,41.88,96
2026-05-26 08,328500,353333.333,328500,353333.333,343053.23,311603.77,276172.47,46.03,98
2026-05-26 16,353333.333,354000,329833.333,329833.333,346904.8,315896.2,279622.94,58.28,99
2026-05-27 00,329833.333,329833.333,312000,319000,349360.89,320095.65,286084.73,58.28,99.5
2026-05-27 08,350500,354000,330166.667,330166.667,352528.15,323293.31,293244.81,53.54,93.92
2026-05-27 16,330166.667,330166.667,302833.333,302833.333,354121.1,325627.52,297756.89,56.02,94.59
2026-05-28 00,302833.333,302833.333,284000,292500,353476.92,326503.59,299999.19,41.56,59.32
2026-05-28 08,313000,313000,299666.667,299666.667,354057.67,326396.72,299147.81,39.38,48.35
2026-05-28 16,299666.667,299666.667,286333.333,286333.333,355273.47,325503.53,293808.37,33.86,33.07
2026-05-29 00,286333.333,286333.333,277500,282000,358190.97,323537.93,286236.94,28.21,20.69
2026-05-30 00,301000,301000,288000,288000,362382.73,321449.64,280501.52,28.21,20.5
2026-05-31 00,288000,288000,277500,280000,362641.09,318555.33,274952.44,25.76,16.08
2026-06-01 00,280000,293000,280000,293000,360117.59,313771.25,271628.9,22.8,8.3
2026-06-01 08,289500,299000,289500,295833.333,354739.42,308987.18,269822.21,22.8,4.42
2026-06-01 16,295833.333,295833.333,283166.667,283166.667,346748.89,304880.38,271177.81,27.37,5.47
2026-06-02 00,283166.667,283166.667,273000,275500,335235.39,300125.86,272854.51,25.02,3.18
2026-06-02 16,295500,295500,273000,282333.333,323186.08,296829.49,271523.83,25.02,9.44
2026-06-03 08,282333.333,314166.667,282333.333,314166.667,316496.56,294146.13,272409.42,31.1,20.73
2026-06-04 00,314166.667,325000,304000,304000,312603.08,292780.86,273903.96,39.8,50.46
2026-06-04 08,281000,305666.667,278000,305666.667,312947.17,292701.11,274347.33,43.83,72.99
2026-06-04 16,305666.667,325000,305666.667,313666.667,317308.45,292850.28,274964.69,47.14,86.49
2026-06-05 00,313666.667,313666.667,283000,283000,320735.28,293753.46,274076.44,51.17,93.25
2026-06-06 00,294000,298500,284500,284500,322819.22,294767.52,273914.9,44.41,84.92
2026-06-07 00,284500,284500,266000,266000,322903.77,295117.66,273009.63,37.38,65.76
2026-06-08 00,266000,266000,250500,253500,322844.26,294030.16,267256.1,28.61,34.42
2026-06-08 08,250500,264166.667,250500,264166.667,325749.87,293341.99,260533.43,28.61,18.75
2026-06-08 16,264166.667,277833.333,264166.667,277833.333,329174.02,291373.11,255774.43,21.67,9.89
2026-06-09 00,277833.333,284000,276500,276500,330509.8,289531.47,252804.6,28.57,11.73
2026-06-09 08,269000,273000,255500,273000,328977.25,287240.24,250235.29,29.8,13.78
2026-06-09 16,273000,302500,273000,301000,325811.3,284676.93,248573.95,29.8,14.8
2026-06-10 00,301000,301000,270000,270000,320646.48,283014.07,248660.8,45.67,30.74
2026-06-10 08,270000,270000,259000,270000,314270.95,281062.91,250502.65,45.67,42.56
2026-06-10 16,270000,292000,270000,292000,305981.35,278888.57,254907.26,38.6,40.79
2026-06-11 00,292000,302500,291000,291000,300441.84,277886.91,258497.31,45.08,63.58
2026-06-11 08,262500,298333.333,259000,298333.333,299839.7,278388.49,258007.24,49.13,81.79
2026-06-11 16,298333.333,341166.667,298333.333,341166.667,311364.44,279414.99,258891.6,54.77,90.9
2026-06-12 00,341166.667,372500,341166.667,361000,331321.88,283931.4,255596.59,70.21,95.45
[/updown_bb / WAVE_M]
[updown_bb / WAVE_L]
datetime,open,high,low,close,volume,upbb_u,upbb_m,upbb_l,rsi,stoch
2026-01-14,171600,185900,168900,177800,3285414,214056.33,158544.68,108511.12,92.09,98.58
2026-01-15,177800,185900,173000,180000,1266591,211792.96,163231.39,113895.79,92.09,97.81
2026-01-16,173500,185700,173000,178500,1282769,206070.94,168009.67,120716.29,92.65,98.91
2026-01-19,185700,185700,176000,177500,968084,199755.54,172287.91,129895.25,92.77,99.45
2026-01-20,176500,180500,169600,172100,974249,194412.99,175202.11,143076.01,92.85,99.73
2026-01-21,176400,176400,165500,172200,1012880,193078.5,176583.55,154474.84,89.78,94.93
2026-01-22,167400,178800,165500,170400,1034728,193617.42,177056.93,162163.91,89.78,90.06
2026-01-23,178700,178800,168900,171100,644666,192058.37,176719.61,163422.48,72.85,48.76
2026-01-26,169800,173800,168400,169500,753397,189503.85,176376.37,164037.65,72.64,31.84
2026-01-27,171200,175800,164700,174800,1620819,189343.19,175968.72,164590.63,71.35,20.59
2026-01-28,169800,184900,164700,182000,2220792,188867.41,175700.04,164935.77,71.35,14.96
2026-01-29,182000,210000,177600,203500,7160116,192378.48,175835.11,164622.74,77.24,45.05
2026-01-30,198900,220000,189000,211000,4364912,200957.45,176928.42,164448.17,86.32,72.53
2026-02-02,199900,220000,186100,187100,2807793,209611.12,178357.43,161854.85,88.04,86.26
2026-02-03,205000,205000,186100,199300,1841243,215940.3,179756.43,159795.34,88.04,93.13
2026-02-04,197500,208000,191300,202500,1487504,219885.97,181715.14,158734.57,90.01,96.57
2026-02-05,194000,208000,191700,193500,1211016,222733.31,183806.14,158249.03,90.48,98.28
2026-02-06,197100,200500,180400,196000,1470302,224413.93,186096.99,159222.37,82.56,94.59
2026-02-09,190800,203000,180400,197800,1365865,224091.67,188404.23,160843.38,82.64,92.92
2026-02-10,202500,203000,193700,194900,825009,220955.45,190825.91,163665.07,83.24,93.61
2026-02-11,197000,201000,187500,190500,670835,214846.21,193282.76,167594.27,83.52,94.25
2026-02-12,192700,224500,187500,209500,5790612,213344.32,195335.87,173652.79,83.52,92.47
2026-02-13,200500,224500,199400,202500,1093939,216861.48,196582.23,179004.17,86.42,96.24
2026-02-19,205500,208500,200000,201500,817087,219116.52,197487.07,179610.98,86.7,98.12
2026-02-20,207000,207500,197300,200500,836127,219605.12,198391.91,179275.2,86.7,99.06
2026-02-23,200500,208500,197300,204000,939820,219825.76,198904.53,179435.09,87.43,99.53
2026-02-24,201500,214000,196800,210000,1645860,220170.56,199284.86,179369.78,87.43,99.76
2026-02-25,203500,215500,196800,214500,1064978,220737.29,200239.84,180277.55,89.98,99.88
2026-02-26,210500,277500,208000,275500,6002195,235001.59,201561.91,182453.66,92,99.94
2026-02-27,233000,332500,228000,323500,6683384,266000.53,205732.41,184734.91,97.08,99.97
2026-03-03,263500,332500,261500,282000,2299627,294586.37,213510.07,182474.68,98.45,99.99
2026-03-04,314000,319500,251500,259000,4796391,316914.69,220880.18,175585.72,93.04,97.36
2026-03-05,261500,323000,251500,315000,3089855,335784.46,227885.9,173345.6,93.04,95.92
2026-03-06,302000,334000,301000,333500,2232244,352770.45,236670.78,172854.69,94.66,97.96
2026-03-09,326000,334000,293000,305000,1519978,365598.43,247135.11,168776.27,95.68,98.98
2026-03-10,303500,335500,293000,324000,1602070,373176.27,257508.98,168459.66,95.68,99.49
2026-03-11,334500,335500,303500,312500,1091554,374222.95,268691.19,172373.3,96.13,99.74
2026-03-12,326500,327500,303500,317000,790870,364332.1,279693.12,179995.67,96.21,99.87
2026-03-13,305000,317000,299000,305500,830276,351039.11,290738.16,192631.25,96.44,99.94
2026-03-16,303000,313000,290000,300000,879249,344185.82,298163.3,209671.79,86.83,95.73
2026-03-17,304500,318000,290000,301000,656744,341040.07,301408.89,227543.71,79.95,86.11
2026-03-18,317500,318000,300000,311000,920505,338321.84,305062.04,240128.54,79.95,81.3
2026-03-19,308500,313500,300000,307000,788358,336906.88,309037.46,253863.64,81.06,78.87
2026-03-20,301000,318500,300000,309500,680315,337402.23,310991.42,272716.82,78.03,60.65
2026-03-23,310000,318500,296000,297000,788575,337308.01,311234.8,281104.3,77.54,50.18
2026-03-24,301500,313000,286500,296500,853963,335926.7,311180.65,286594.85,72.66,30.87
2026-03-25,309500,309500,286500,300000,675633,333221.14,310318.15,289517.03,72.66,27.67
2026-03-26,300500,304000,277000,278000,650141,329584.38,309162.28,285851.36,70.13,22.7
2026-03-27,296000,298500,257000,275500,773071,326421.62,307227.31,276746.08,63.73,33.55
2026-03-30,269000,281000,253500,260500,596465,326162.53,304586.48,267053.36,45.69,20.85
2026-03-31,259500,265000,242500,251000,886467,329331.47,301346.05,255996.6,36.38,11.74
2026-04-01,251000,275000,242500,273500,815377,333480.13,297522.95,245998.27,32.59,10.25
2026-04-02,265500,282500,251500,256000,850313,333730.92,293072.69,239074.59,30.73,6.19
2026-04-03,280500,282500,251500,260000,528858,331955.38,288825.83,235150.63,30.73,6.27
2026-04-06,264000,264500,248500,252000,577342,328253.94,284834.66,233264.33,34.15,10.51
2026-04-07,259500,263500,247500,253500,579361,323688.11,280727.2,232648.86,31.02,12.28
2026-04-08,260500,281500,247500,280500,1027627,317363.39,276619.74,234465,31.02,13.37
2026-04-09,277000,286000,267500,286000,646513,309515.14,272907.2,238634.35,35.54,17.52
2026-04-10,278000,290500,271500,286000,1087130,301280.29,270336.56,242732.72,47.27,38.42
2026-04-13,290000,290500,275000,276500,387276,292944.72,269580.81,243500.53,52.4,69.21
2026-04-14,278000,286000,275000,284000,558026,289207.04,270051.28,240871.71,53.48,84.61
2026-04-15,285000,296500,280500,295000,898476,291779.65,271104.41,239617.35,53.48,92.3
2026-04-16,296000,296500,288000,292000,458794,294789.3,273105.5,238863.05,61.26,96.15
2026-04-17,294000,295000,285500,286500,359159,297368.89,275306.95,238187.13,63.38,98.08
2026-04-20,290500,291000,282500,287000,317137,299427.53,277422.1,239383.42,64.86,99.04
2026-04-21,286500,295000,282500,295000,496193,299640.05,279951.07,242784.29,64.86,99.52
2026-04-22,287500,295000,286000,293500,684772,298796.78,282551.84,248316.86,65.74,99.76
2026-04-23,292000,306500,283000,293500,1047056,300081.99,285009.53,256388.75,67.19,99.88
2026-04-24,295000,306500,283000,295500,570284,302620.65,286749.11,262588.88,68.06,99.94
2026-04-27,292000,379500,291000,373500,5287941,325018.82,288204.54,267659.27,69.86,99.97
2026-04-28,305000,379500,302000,367000,1775578,346411.17,293127.04,271466.86,88.72,99.98
2026-04-29,367000,377500,348000,357500,886254,364678.26,299555.71,273654.29,91.29,99.99
2026-04-30,357000,392500,348000,368000,2575384,382847.42,305772.78,265790.01,91.87,100
2026-05-04,367000,392500,361500,378000,1064176,398489.79,312568.63,259628.88,92.84,100
2026-05-06,385000,397500,372500,394500,1441060,411577.39,320125.45,254855.18,93.79,100
2026-05-07,395500,413000,371000,393000,1232988,423309.89,328920.16,252307.39,94.84,100
2026-05-08,398000,413000,371000,390000,699479,431016.77,338244.7,253608.05,95.27,100
2026-05-11,385000,401500,379000,400000,1138423,432985.84,347683.9,258415.77,95.43,100
2026-05-12,392500,426000,358000,377500,2277368,429046.29,357248.86,267580.96,95.57,100
2026-05-13,397500,426000,358000,400500,1015741,431024.36,366680.2,281487.99,95.57,100
2026-05-14,371000,409500,365500,409500,1085030,432785.91,373022.93,299084.03,95.95,100
2026-05-15,393000,409500,365000,369000,1042610,431346.68,377394.77,320572.98,87.74,95.61
2026-05-18,405000,406000,296500,317000,2398380,429543.31,381335.14,328764.58,87.74,92.27
2026-05-19,337000,338000,277000,288000,1365281,426422.41,382588.82,318327.65,61.19,63.64
2026-05-20,303000,305500,277000,287500,1190665,430236.33,380120.33,300588.94,40.86,41.76
2026-05-21,295000,334000,283000,332500,1291819,444813.49,374679.56,284524.66,33.31,21.45
2026-05-22,298000,334000,296500,320500,721171,451071.77,368637.14,272615.98,33.31,11.29
2026-05-26,326500,333000,315000,329000,1002035,453387.74,362270.42,265209.82,32.89,6.81
2026-05-27,328500,354000,312000,319000,1860431,449558.21,355902.08,263086.59,34.68,5.89
2026-05-28,350500,354000,284000,292500,1395171,440800.53,349533.74,261560.64,34.68,5.42
2026-05-29,313000,313000,277500,282000,1603208,428816.56,342714.22,262330.43,34.87,12.54
2026-06-01,301000,301000,277500,293000,1225560,415782.03,335304.94,272211.74,28.99,15.38
2026-06-02,289500,299000,273000,275500,1077612,399507.42,326839.5,276469.51,24.41,12.65
2026-06-04,295500,325000,273000,304000,2395265,374880,319990.97,274007.99,23.29,12.23
2026-06-05,281000,325000,278000,283000,967822,361173.02,315965.39,270659.17,23.29,15.27
2026-06-08,294000,298500,250500,253500,954331,358949.76,312834.29,263357.83,20,11.6
2026-06-09,250500,284000,250500,276500,851234,358099.35,308045.63,255520.25,15.27,6.93
2026-06-10,269000,302500,255500,270000,1022229,358090.81,303353.03,249710.31,15.27,4.6
2026-06-11,270000,302500,259000,291000,1379286,354026.38,298241.87,248361.79,14.68,2.54
2026-06-12,262500,372500,259000,361000,6018622,348409.06,293936.35,247950.81,25.91,9.94
[/updown_bb / WAVE_L]
[slope_bb / WAVE_S]
slope_u,slope_m,slope_l
428037.34,394725.5,354996.61
422413.4,393102.62,358947.16
419303.66,390937.85,363748.76
417725.41,389059.41,362932.08
419147.93,388662.12,361522.54
420978.82,390491.97,360472.26
422975.82,392475.39,361422.85
422332.51,394215.58,365246.5
421170.81,395488.46,369280.55
415847.25,394483.26,368953.07
408715.16,392535.83,370397
410133.84,392463.62,367228.12
408749.24,391304.91,357804.61
411567.42,387932.56,341275.06
415931.96,381834.28,324248.97
423079.52,375011.86,310321.23
424264.51,368012.39,300210.58
420087.32,360325.19,292392.3
413620.78,351488.37,284123.15
407134.18,341940.3,276666.89
400183.27,333237.28,273143.79
387718.16,324507.42,275868.12
370905.95,316858.06,278423.07
355163.69,310549.27,277254.61
345425.44,305966.09,274439.43
339184.98,301382.91,273284.79
330114.54,297274.52,275578.55
319828.78,294115.26,278071.94
315217.81,292947.41,277672.45
321309.51,294051.54,273956.78
326361.3,295471.9,272011.92
328382.26,296619.22,271799.92
333312.69,298369.72,270429.7
339369.25,301284.4,269829.27
342473.86,304977.23,270292.17
342431.94,308670.06,273709.01
339809.85,311878.25,279303.97
336116.3,315034.18,286996.76
334878.67,317348.31,293468.36
336512.27,319048.59,296613.18
339541.64,320577.25,299066.46
344930.63,322834.56,301683.9
350108.33,325542.47,304298.72
353666.64,327672.92,307605.98
353589.27,329134.3,309495.66
352850.19,329802.34,311715.4
355243.7,331548.69,312475.07
353543.95,332671,313918.84
350237.69,332721.77,310769.3
350598.63,331095.49,303480.22
356541.43,329324.59,296934.14
358770.97,326814.17,292193.82
357567.95,323142.18,289046.71
354517.57,318832.57,284848.18
351931.48,314146.89,279912.49
348139.84,310254.53,275793.88
342296.92,305763.68,277443.62
332403.26,301517.6,278948.99
322466.51,297789.15,278470.14
316145.65,295337.85,276268.9
313228.63,293213.02,275325.4
309026.29,291474.29,276763.94
303652.37,290276.59,278894.85
299689.28,289716.5,279139.06
298209.06,289549.5,278144.37
296863.83,288894.9,278060.32
296885.7,287803.6,275683.04
298099.73,287125.63,274104.3
307967.01,288090.49,272159.27
317330.01,290295.02,268745.72
322277.53,292270.58,268669.75
321863.18,293048.03,271049.4
327377.46,294396.57,269373.82
331470.19,296243.19,267070.59
332880.43,298397.59,268406.11
328638.62,300083.36,273306.26
324562.26,301462.82,276993.68
322530.03,302151.13,280005.57
324266.09,300891.23,275925.88
325581.43,297438.39,267849.59
328853.68,293888.06,258566.51
329364.81,290284.66,253216.66
327308.67,286254.03,247715.64
322326.33,282176.53,246377.52
314787.94,278687.39,246154.81
306722.86,276155.11,248425.17
297789.94,273633.39,252880.49
292726.94,271956.07,255238.44
295404.44,272221.03,253533.35
298598.72,273545.65,252398.61
300672.29,274870.27,253949.12
296683.37,275852.78,258362.52
296186.75,276671.87,259597.68
298628.56,277718.14,259143.62
302694.22,279105.66,256058.37
303848.07,280532.94,257283.13
302878.65,281926.29,260913.72
314651.71,284153.32,260542.72
334285.58,286941.67,254136.43
356690.83,291628.38,243955.99
[/slope_bb / WAVE_S]
[slope_bb / WAVE_M]
slope_u,slope_m,slope_l
295141.41,288424.99,281783.66
294980.89,288474.11,281874.08
297591.74,288523.23,282098.41
302197.82,289271.56,281211.57
304375.19,290167.18,281725.39
305239.86,291062.8,283213.31
307412.24,292043.87,283421.49
312266.43,292955.81,283618.59
327830.21,294773.85,281490.28
351117.28,298619.92,273057.19
364599.31,303401.55,269362.33
373606.39,308190.1,269847.93
388373.05,314023.98,267007.6
399563.2,320105.05,263066.05
405268.6,326604.33,261538.28
405125.2,333103.62,265879.08
399457.72,339417.9,274144.88
395223.67,346038.52,283104.83
396867.31,352787.97,294122.64
399125.09,357307.51,303714.02
399720.11,360761.63,312169.22
400168.16,364981.89,322630.33
400867.95,368156.82,334357.41
401654.32,370657.71,339725.36
403609.6,372842.77,340941.21
408507.59,375606.86,342168.06
409371.16,379154.4,346038.75
410675.98,381882.74,353182.29
413750.05,383355.7,357328.82
416221.79,385638.63,360101.85
415454.56,387257.57,365924.48
414589.7,388110.36,369087.74
412854.9,388764.84,371161.04
411237.89,389540.68,372587.69
413841.29,390779.87,373402.7
419301.99,392337.69,373155.92
423187.41,393206.08,369269.92
419998.9,393418.11,368428.97
420179.41,393570.67,365824.02
423709.84,393115.12,361000.01
425492.82,393720.8,360124.26
423153.57,393471.15,362019.03
423104.56,393747.88,361112.49
424491.08,394649.98,360319.92
424189.86,394807.51,360187.4
422122.78,394067.36,360337.37
417715.77,392678.11,362457.12
416773.74,391599.43,354610.46
416396.94,387889.54,339957.71
425210.71,383566.55,327088.78
427376.04,377444.8,310438.94
430267.26,370333.61,293811.81
434616.52,362450.71,281013.79
433140.44,352971.21,270276.01
425618.12,342754.89,264849.11
416269.42,332538.57,262247.17
401997.48,323064.32,265653.68
380757.05,315042.18,269076.82
360930.99,310822.56,272082.55
350649.12,307216.04,277398.71
341962.72,305712.72,277305.46
337491.41,306054.17,274699.76
339167.69,306898.24,273125.97
342132.77,308571.83,272826.39
347852.54,311603.77,274573.43
353350.29,315896.2,276899.41
355397.85,320095.65,283209.58
356754.96,323293.31,292148.07
358926.52,325627.52,296845.75
355877.03,326503.59,301148.19
356199.72,326396.72,301873.05
357749.73,325503.53,296414.45
359304.94,323537.93,289628.85
364046.07,321449.64,284263.05
365081.66,318555.33,278095.15
361918.18,313771.25,274350.62
356247.06,308987.18,271991.58
348562.39,304880.38,272886.23
336321.55,300125.86,274595.32
324103.93,296829.49,273853.5
319053.85,294146.13,273471.82
316532.5,292780.86,273145.25
316690.02,292701.11,273299.32
320890.86,292850.28,274343.27
325026.72,293753.46,273569.4
326667.23,294767.52,273832.73
325445.02,295117.66,273716.72
322895.92,294030.16,269623.99
325948.58,293341.99,262294.64
326609.75,291373.11,259373.18
329518.27,289531.47,254892.77
328391.67,287240.24,251926.88
325553.91,284676.93,250035.56
323186,283014.07,248849.78
317696.5,281062.91,249550.74
307263.41,278888.57,255801.98
303070.71,277886.91,257895.01
302688.18,278388.49,257517.03
315567.86,279414.99,258013.96
340923.59,283931.4,250834.83
[/slope_bb / WAVE_M]
[slope_bb / WAVE_L]
slope_u,slope_m,slope_l
223517.62,158544.68,105860.19
219665.3,163231.39,111503.98
212792.97,168009.67,118550.64
205466.55,172287.91,127762.37
199053.63,175202.11,141154.5
196787.54,176583.55,153164.89
197090.92,177056.93,160678.49
194015.44,176719.61,163000.85
191154.43,176376.37,163788.31
190806.81,175968.72,164360.2
190146.04,175700.04,164746.09
194350.36,175835.11,163784.81
205177.56,176928.42,162066.96
214446.85,178357.43,159070.95
220127.38,179756.43,157463.93
224378.24,181715.14,156163.07
226793.74,183806.14,155911.69
227268.48,186096.99,157647.66
226444.63,188404.23,159532.51
223028.01,190825.91,162581.61
216743.3,193282.76,166685.91
215132.15,195335.87,173001.59
219483.34,196582.23,178039.34
221993.52,197487.07,178260.31
221992.23,198391.91,178172.66
221988.85,198904.53,178412.31
222004.58,199284.86,178533.92
222968.94,200239.84,179489.74
238383.26,201561.91,181183.78
276707.05,205732.41,181697.87
318144.44,213510.07,177015.04
345547.93,220880.18,167371.82
361391.38,227885.9,166709.93
379958.47,236670.78,165824.69
394469.74,247135.11,161066.57
398514.94,257508.98,162127.26
397989.85,268691.19,165781.75
383751,279693.12,174160.21
367274.67,290738.16,187014.12
355857.16,298163.3,205493.03
349439.89,301408.89,224644.8
345294.65,305062.04,237515.94
343230.62,309037.46,251502.71
342685.95,310991.42,270698.72
341740.24,311234.8,279614.45
339312.84,311180.65,285864.03
336343.42,310318.15,289395.43
332764.87,309162.28,285774.18
328961.18,307227.31,278376.11
327414.99,304586.48,269376.72
328425.81,301346.05,259483.27
331652.66,297522.95,250182.7
332449.39,293072.69,242400.12
331122.17,288825.83,238139.39
328736.47,284834.66,235895.55
324581.49,280727.2,235517.42
319584.93,276619.74,235981.99
312173.88,272907.2,239211.85
305007.13,270336.56,242254.54
297122.11,269580.81,242397.47
293096.87,270051.28,239782.97
295275.17,271104.41,238498.34
298910.45,273105.5,236952.15
301148.45,275306.95,236460.27
302969.76,277422.1,238011.75
303034.97,279951.07,241499.96
302008.85,282551.84,247241.65
303382.89,285009.53,255224.75
305831.46,286749.11,261236.55
328168.25,288204.54,266521.72
357160.31,293127.04,269509.58
384214.07,299555.71,266944.29
403858.09,305772.78,258828.97
419948.47,312568.63,252538.42
432847.71,320125.45,247270.69
443903.92,328920.16,244591.83
449481.53,338244.7,246494.34
448629.62,347683.9,252262.89
442209.43,357248.86,262392.57
442368.92,366680.2,276680.18
443055.92,373022.93,294307.66
438873.68,377394.77,317290.31
436055.19,381335.14,326009.53
428251.76,382588.82,320641.89
428351.89,380120.33,306723.96
442117.92,374679.56,290107.03
449037.44,368637.14,276868.79
451469.91,362270.42,268989.06
448915.34,355902.08,265922.66
440782.9,349533.74,263867.6
429331.14,342714.22,266202.43
417416.05,335304.94,277340.21
402240.05,326839.5,280948.32
377972.76,319990.97,277819.44
364810.03,315965.39,272840.68
360084.04,312834.29,266878.92
355922.11,308045.63,260712.42
356579.67,303353.03,253673.21
352266.87,298241.87,252002.77
348921.22,293936.35,251052.67
[/slope_bb / WAVE_L]
[sr_band / WAVE_S]
sr_up,sr_mid,sr_down
399851.27,390970.88,382090.48
399853.81,391599.9,383345.98
400811.9,391628.67,382445.44
402179.29,391206.58,380233.88
403486.29,391129.02,378771.75
404338.72,391370.39,378402.05
404736.87,391768.73,378800.59
404680.8,392142.59,379604.38
403676.73,392024.23,380371.74
402331.99,391545.1,380758.21
401106.32,390975.62,380844.91
400311.89,390551.78,380791.67
399746.8,388992.33,378237.87
392002.1,377988.64,363975.18
381219.6,363278.6,345337.6
371013.66,349789.18,328564.7
364403.81,341218.49,318033.17
358440.06,331793.03,305145.99
354750.85,324440.85,294130.85
352718.66,319272.61,285826.56
352187.91,316891.19,281594.47
352481.65,316469.19,280456.72
353599.87,318006.6,282413.32
340540.22,312526.02,284511.83
319784.46,302461.68,285138.91
299014.01,291831.62,284649.23
286220.55,285503.54,284786.54
281187.42,283298.62,285409.81
283790.89,285438.64,287086.39
303145.64,296115.6,289085.56
328238.77,309523.63,290808.48
350571.59,321159.49,291747.38
364718.84,328392.19,292065.55
381571.63,338344.89,295118.15
395834.59,347606.45,299378.32
406547,354999.74,303452.47
412094.37,359105.88,306117.39
413703.85,360527.32,307350.8
411341.21,359235.83,307130.44
407898.99,358961.91,310024.82
404800.93,359637.6,314474.27
402672.88,360801.51,318930.13
401342.85,361598.84,321854.83
400810.84,362029.6,323248.36
400677.84,361834.43,322991.02
400677.84,361352.96,322028.09
400677.84,360840.43,321003.02
400677.84,360467.68,320257.53
385760.68,352776.13,319791.59
364441.57,340159.64,315877.72
344054.79,327279.35,310503.91
330753.65,318081.66,305409.66
324538.17,311716.13,298894.09
315925,304352.11,292779.22
305786.92,296869.01,287951.11
296302.02,290696.71,285091.4
300152.06,292139.67,284127.28
311854.23,298348.2,284842.17
315240.24,300149.13,285058.03
310613.6,297677.58,284741.55
302442.22,293219.65,283997.07
294389.9,288868.03,283346.17
288946.7,285928.94,282911.19
287765.28,285340.1,282914.93
289006,286073.95,283141.91
289652.04,285798.14,281944.23
289594.14,284823.63,280053.13
290330.33,284549.46,278768.59
291459.45,285363.31,279267.17
303577.54,292825.1,282072.66
320257.04,303021.1,285785.17
335941.1,312470.35,288999.61
338257.61,313481.64,288705.68
339440.21,314604.86,289769.51
339103.26,315346.31,291589.36
332093.92,312992.25,293890.57
321664.56,308618.6,295572.64
312604.94,302907.46,293209.98
305937.07,297087.23,288237.39
297222.03,286795.87,276369.7
289655.02,276435.05,263215.08
280289.01,266290.63,252292.25
271853.61,259076.02,246298.44
274690.17,260670.61,246651.05
285186.7,268238.42,251290.14
297468.88,277172.43,256875.97
307121.95,284161.46,261200.97
305015.54,284338.85,263662.17
302823.41,284308.22,265793.03
302026.28,284774.3,267522.33
303828.02,286353.43,268878.84
298136.75,283899.63,269662.5
289617.85,279786.69,269955.53
287871.03,279125.22,270379.41
292089.22,281483.19,270877.16
298925.08,285133.41,271341.74
305760.94,288688.5,271616.06
310448.39,293983.85,277519.32
319499.2,302614.46,285729.72
329880.49,311692.54,293504.59
[/sr_band / WAVE_S]
[sr_band / WAVE_M]
sr_up,sr_mid,sr_down
291406.97,287624.41,283841.85
291642.09,288673.55,285705.01
291522.07,289097.39,286672.72
292729.25,290247.37,287765.5
294569.79,291736.95,288904.11
296243.27,292554.5,288865.73
297233.62,292612.33,287991.04
297626.69,292937.82,288248.96
300192.31,295160.64,290128.97
303728.68,298186.79,292644.9
307134.85,301026.53,294918.21
309362.69,302867.39,296372.1
310380.18,303596.85,296813.53
310179.94,303362.49,296545.04
309469.26,302752.72,296036.18
308718.71,302137.17,295555.63
308168.7,301689.69,295210.68
307823.57,301425.63,295027.69
307685.52,301325.45,294965.37
307651.01,301302.67,294954.33
323980,317062.78,310145.57
347316.85,339586.62,331856.39
369633.13,361125.45,352617.76
384193.15,375178.22,366163.29
390996.89,381744.93,372492.97
390044.37,380825.59,371606.82
385826.05,376754.23,367682.41
381335.58,372420.2,363504.82
382859.63,374202.31,365545
387663.99,379284,370904.01
393393.67,386194.08,378994.49
397715.67,391888.78,386061.9
400076.1,395431.85,390787.6
400145.41,396169.71,392194.02
399135.55,395428.84,391722.12
397924.66,394101.13,390277.61
396951.8,392890.55,388829.31
396287.16,391998.06,387708.97
395977.5,391534.57,387091.64
395866.59,391326.73,386786.88
395834.7,391257.31,386679.93
395821.94,391232.9,386643.86
395677.39,390450.67,385223.95
395475.37,389338.59,383201.81
395282.18,388276.68,381271.18
396034.96,388337.72,380640.49
397232.05,389091.08,380950.11
397562.53,389412.61,381262.69
392223.03,379798.84,367374.65
384418.88,365849.05,347279.21
376910.62,352429.13,327947.63
371962.66,339737.07,307511.48
369736.13,330131.85,290527.57
370075.21,325417.31,280759.41
371473.81,324491.99,277510.18
372954.13,325571.51,278188.89
374033.73,327765.09,281496.44
380473.1,332832.96,285192.82
388993.39,338454.42,287915.45
396957.4,343243.75,289530.11
402113.44,346270.41,290427.39
404522.8,347652.02,290781.23
404185.49,347534.46,290883.43
402691.68,346798.47,290905.26
401101.5,346015,290928.5
399945.01,345445.2,290945.4
399222.2,345089.08,290955.96
398933.08,344946.63,290960.19
398860.8,344911.02,290961.24
398860.8,344911.02,290961.24
398860.8,344911.02,290961.24
398860.8,344911.02,290961.24
398860.8,344911.02,290961.24
398860.8,344911.02,290961.24
398860.8,344911.02,290961.24
372623.49,331109.02,289594.55
335126.01,311383.66,287641.31
325505.66,306322.93,287140.19
313370.91,299939.5,286508.09
300798.86,293326.04,285853.22
290139.72,288123.57,286107.42
310809.47,299170.47,287531.48
343042.42,316101.16,289159.9
378770.37,334703.42,290636.48
404877.97,348244.95,291611.94
418960.13,355460.57,291961
396745.38,343222.61,289699.84
355854.53,320731.52,285608.5
313579.01,297449.51,281320
281995.37,276988.18,271981
263777.6,262617.14,261456.68
265115.84,260670.7,256225.56
276562.78,266400.51,256238.24
289879.83,274524.28,259168.73
299959.52,282120.43,264281.34
306026.2,287620.77,269215.34
307765.18,290047.31,272329.44
307261.63,290759.18,274256.72
306134.78,290753.51,275372.25
328140.31,303947.84,279755.37
[/sr_band / WAVE_M]
[sr_band / WAVE_L]
sr_up,sr_mid,sr_down
150884.06,149278.11,147672.15
157133.16,155174.09,153215.02
166178.16,164201.69,162225.22
174827.6,173020.11,171212.63
180470.83,178862,177253.17
183107.86,181622.29,180136.72
183099.02,181411.12,179723.22
181618.71,179755.35,177891.99
179855.75,171160.55,162465.35
178418.82,160102.59,141786.37
177816.89,156774.5,135732.11
177844.27,160071.13,142297.99
178185.56,166444.39,154703.22
178500.86,172902.76,167304.65
178678.03,177492.73,176307.43
178684.03,178962.37,179240.72
178617.97,178565.51,178513.06
178532.39,177543.07,176553.76
183347.15,178962.31,174577.47
190279.76,184579.58,178879.41
196934.25,191712.86,186491.48
201283.15,197760.87,194238.59
203317.45,201359.31,199401.17
203032.65,202423.12,201813.59
201771.38,201623.62,201475.86
200428.74,200204.45,199980.15
199452.28,198920.12,198387.95
198841.99,198035.99,197229.99
198597.87,197552.07,196506.27
198536.84,197376.81,196216.77
198536.84,197340.62,196144.4
198536.84,197340.62,196144.4
217116.87,206542.78,195968.7
243670.82,219694.21,195717.6
269063.52,232270.5,195477.48
285630.7,240475.76,195320.81
293372.38,244309.99,195247.61
292288.55,243773.2,195257.86
287488.71,241395.98,195303.24
282379.2,238865.38,195351.56
289509.41,242448.05,195386.7
302687.95,249048.31,195408.66
316582.1,269507.89,222433.68
326021.06,293533.81,261046.57
328343.49,313156.12,297968.75
324571.18,309806.58,295041.99
318766.92,293227.49,267688.06
313825.38,271507.66,229189.93
310740.8,254431.03,198121.27
309513.17,244474.1,179435.04
309538.37,242573.06,175607.74
301357.52,240283.72,179209.91
289435.46,237362.01,185288.56
277889.23,234121.67,190354.1
270286.7,232008.91,193731.13
266710.24,230896.09,195081.94
265619.99,230519.82,195419.64
265575.19,238052.69,210530.18
276018.4,254072.03,232125.66
290966.91,271871.82,252776.73
305383.98,285817.14,266250.29
315043.88,293795.12,272546.35
319832.4,295748.65,271664.9
319673.39,293717.37,267761.35
317345.94,290475.94,263605.95
314728.13,287655.99,260583.84
312759.03,285727.03,258695.02
311498.45,284718.97,257939.5
310986.24,284368.43,257750.62
310858.18,284304.4,257750.62
310858.18,284304.4,257750.62
310858.18,284304.4,257750.62
310858.18,284304.4,257750.62
310858.18,284304.4,257750.62
310858.18,284304.4,257750.62
310858.18,284304.4,257750.62
310858.18,284304.4,257750.62
310858.18,284304.4,257750.62
310858.18,284304.4,257750.62
310858.18,284304.4,257750.62
310858.18,284304.4,257750.62
310858.18,284304.4,257750.62
330671.51,294211.06,257750.62
358988.05,308369.33,257750.62
386066.25,321908.43,257750.62
403733.13,330741.87,257750.62
411988.68,334869.65,257750.62
410832.91,334291.76,257750.62
405714.47,331732.54,257750.62
400265.8,336633.31,273000.81
396303.14,345549.51,294795.88
393826.47,347107.04,300387.62
376303.63,334247.13,292190.64
352428.72,315065.84,277702.95
329834.75,296525.01,263215.27
315093.55,284007.47,252921.39
308205.14,278911.16,249617.18
309169.52,279838.15,250506.77
313440.33,283117.32,252794.3
317986.68,286534.26,255081.83
[/sr_band / WAVE_L]
[divergence / WAVE_S]
hma20,ema20
390823.353,393654.101
395479.84,392634.537
395007.446,391059.159
392004.158,390290.826
389769.603,390692.159
390782.569,392337.14
394436.976,393853.63
398085.667,394652.184
400328.079,395305.546
399653.28,394845.643
395241.405,392932.897
390311.052,391913.174
382974.361,388362.204
371284.434,381952.677
354113.527,372782.258
337766.123,365279.188
325626.339,358988.987
317345.19,352149.846
310467.06,344463.969
302855.041,335887.857
295980.344,328871.037
291876.136,323626.447
289925.141,318583.312
288437.628,313390.331
286451.836,308352.738
284482.883,304231.071
283958.452,301570.742
284790.001,299427.156
288461.663,299203.875
295501.972,300864.364
303823.526,302797.935
310726.478,304379.947
315457.525,306018.899
319045.263,308409.781
322025.822,310991.978
324186.472,313104.684
325206.261,314664.04
325130.436,315877.915
324288.331,316871.086
324162.8,318410.773
324969.695,319933.464
327964.339,322504.142
333082.461,325771.256
338334.23,328444.348
341340.904,330040.938
340175.573,329904.829
338947.367,331584.779
336604.77,331762.719
331871.33,329960.063
323384.242,326163.066
314736.585,323056.433
307785.219,320494.896
302703.113,317450.986
298395.183,313801.201
293828.387,309540.751
289790.243,306054.929
287977.316,303906.042
287230.551,301396.34
285989.865,298335.838
284575.899,295831.791
284188.145,294376.61
285495.097,293868.262
287777.555,293487.914
290179.102,293176.721
291177.932,292362.529
289778.465,290809.843
287057.493,289448.604
284354.446,288334.864
285122.762,289403.456
291066.596,292531.724
299254.144,295268.473
304514.422,296011.514
307689.834,297693.372
309888.82,299975.056
311243.234,301841.888
309588.434,301630.715
305806.798,300810.158
299669.239,298882.159
291497.422,295742.328
281663.872,291440.181
273377.055,287920.243
265865.222,283447.686
261058.797,280085.466
260031.144,278154.957
263249.923,277645.175
267982.185,277229.26
271693.66,276260.391
273939.71,275746.318
277378.109,277294.749
281240.798,278755.106
284725.246,279949.944
284114.84,278712.922
280997.821,277700.813
278457.49,278106.18
279715.573,280128.043
283275.512,281855.754
286613.169,282579.061
290893.909,284965.288
298615.868,289907.259
311651.321,297595.737
[/divergence / WAVE_S]
[divergence / WAVE_M]
hma20,ema20
289050.922,288448.194
290284.246,288832.676
291063.41,289147.253
292709.726,290440.819
294392.948,291313.038
295721.586,292026.673
296622.995,292776.01
297158.046,293407.287
299953.754,295972.078
308618.054,301757.874
321743.85,308428.857
334375.597,313886.934
345780.182,320253.247
355470.003,326947.662
362558.16,332999.16
366418.05,337950.386
367479.157,341830.468
367241.647,345580.243
369350.396,350930.761
372199.271,354941.425
374808.026,358222.877
378087.269,362300.708
381060.122,365637.116
383201.971,368626.992
384367.701,371073.254
386174.305,374127.543
389494.152,377880.029
391928.841,380035.961
393090.901,381799.904
394499.638,384348.785
394202.967,385226.978
392786.935,385945.499
390607.552,386172.821
389297.62,386839.534
389744.411,388227.499
393651.05,390995.242
398729.254,393259.759
400377.761,393004.893
398865.498,392688.23
395754.165,392429.142
393579.17,392939.417
390663.397,391801.769
389036.066,391467.452
390487.292,392811.696
393001.453,393400.225
395242.927,393881.748
395217.457,393095.538
391585.08,390909.284
379776.032,384228.395
364312.662,377647.482
347021.102,369714.878
328828.526,359870.432
313054.372,351009.269
301355.117,342474.092
292224.415,333639.784
286525.705,326411.713
284589.936,320666.878
286847.963,317063.76
293738.642,316137.291
302148.479,315379.271
311002.916,316034.844
317855.673,316571.223
322120.382,317117.324
323949.4,317787.202
325104.8,318954.047
328743.207,322200.517
333389.981,324856.719
336571.014,326305.737
338313.997,327942.936
335182.591,326631.28
328823.903,325046.728
320131.869,322320.602
310124.532,318247.538
301410.73,314915.031
294829.584,311341.714
289523.041,307273.925
285997.704,303945.735
285085.602,301729.838
284972.389,299190.799
285254.587,297113.403
286527.373,296016.908
289500.002,296086.619
293450.333,296638.368
297785.656,297506.026
301975.031,298740.119
303775.367,298807.282
301939.83,297655.092
295462.045,294605.686
287740.366,292110.717
278126.183,287740.844
271033.293,284999.999
267367.619,282906.922
267071.654,281194.404
271076.611,281846.682
277021.486,282380.363
280602.758,281468.682
282710.106,281647.76
284415.913,282420.739
286950.913,284007.583
294886.485,289322.675
[/divergence / WAVE_M]
[divergence / WAVE_L]
hma20,ema20
185193.554,161548.473
182893.94,164088.939
180564.546,166554.618
179104.565,168653.241
178578.313,170424.881
178430.58,171734.335
178374.928,172805.706
177140.594,172883.919
175376.037,172937.151
173604.199,172918.451
172391.8,172903.151
172747.063,173624.712
176964.595,176344.438
183539.668,179261.302
189930.149,181647.827
195546.704,184478.043
199648.961,187034.189
201163.872,188690.591
200809.993,190064.861
199811.128,191335.088
198814.425,192438.317
198073.72,193340.959
198617.308,194742.015
199875.642,195959.032
201172.835,196954.773
202263.852,197933.937
202990.644,198735.072
204050.67,200000.371
206054.447,201722.067
215376.896,208455.537
236107.304,220587.156
258409.597,229772.034
275613.39,237286.933
289179.001,246741.019
301444.633,257529.718
310100.609,266356.836
317091.084,275048.741
321986.477,282442.331
325223.47,289256.464
324617.766,293574.848
320795.451,296131.312
315533.577,298222.964
311584.657,300520.277
308923.815,302030.061
307748.989,303208.712
306799.893,303632.094
306000.031,303978.498
304883.278,304010.554
303101.918,303385.074
297865.294,300333.105
288909.444,295769.095
278239.314,290975.526
268588.534,286499.166
262039.025,282836.689
259779.736,280248.363
259685.598,277378.247
260638.265,275029.971
262343.467,273575.314
266065.892,273809.627
271204.185,274760.924
276441.312,275701.806
280394.938,276471.619
284129.849,278270.669
287329.116,280106.921
289956.619,281860.645
291611.769,283295.51
292546.904,284600.048
292950.616,285873.908
293176.343,287034.972
293583.024,288227.9
302646.892,295670.25
318921.799,304497.912
337057.319,312505.046
353039.96,320472.957
366003.787,328627.081
376444.398,337549.334
384686.807,345943.25
390680.817,353225.977
394351.613,359532.057
395591.935,364691.577
396102.075,369763.679
394981.484,373068.614
393110.181,375772.651
386406.221,374516.778
371350.461,368356.593
349912.065,360162.98
329927.197,353459.115
315794.337,347799.458
309642.939,343513.38
309900.863,340006.589
313730.49,337167.737
315479.765,332927.8
312643.347,327538.457
306782.905,322600.558
300885.119,318560.46
294751.493,313727.775
286256.466,306760.013
278190.056,301059.116
271704.784,295978.256
269819.388,293286.002
[/divergence / WAVE_L]
[price_index / WAVE_S]
ap1,ap2
404450.54,397457.61
387997.5,392722.87
383371.09,388665.98
386232.42,387865.79
392235.3,389903.96
400075.95,394133.61
401302.55,396691.78
398881.14,396995.38
398848.54,397287.64
393086.32,395059.81
383998.99,390130.57
386821.52,388958.22
370950.43,381477.38
350375.26,368937.15
327307.86,352772.03
327512.36,344176.35
326841.66,338779.26
317285.23,331321.83
305498.78,322010.16
292632.58,311310.73
293119.44,305469.36
296381.14,303246.88
292468.52,299880.42
286725.49,295331.35
282603.34,290913.34
283037.55,288467.49
287405.04,288779.5
288025.06,288859.27
296968.8,292651.72
307839.76,299126.05
311675.68,303939.25
312305.18,306680.22
314525.7,309200.29
320597.02,313312.94
324143.67,317094.19
324035.42,319177.19
322965.93,320013.38
322507.69,320461.17
322347.6,320802.32
326407.72,322828.82
327791.85,324521.94
335287.33,328706.11
341855.15,333747.96
341699.64,336412.54
338288,336484.34
330053.54,333104.49
340241.62,335963.77
333381,334359.24
321797.14,328726.15
308155.73,320184.76
307941.18,315747.45
307731.3,313147.78
302239.07,309227.65
295580.66,304196
288312.6,298336.23
288459.74,295110.46
292577.28,294921.08
288391.31,292747.01
282753.23,289069.75
282955.17,287100.85
286470.1,287391.2
290544.92,289102.51
291049.03,290014.17
291235.16,290509.03
288111.59,289411.11
283054.94,286725.6
282621.31,285154.59
282728.04,284303.76
294347.14,288827.59
307450.62,296643.9
308598.59,301087.76
300212.32,299915.54
306347.63,302287.21
311550.61,305819.66
311472.57,307675.79
301623.04,304478.91
297655.87,301386.95
290182.44,296689.4
280831.94,290361.13
270672.04,282767.62
270609.74,278654.32
261511.27,272354.71
263306.51,269595.74
268080.48,269879.24
274316.99,272426.81
274574.87,273584.61
271056.07,272620.42
272734.1,272839.02
284084.34,277864.84
285475.45,280888.34
285724.57,282566.27
273219.97,278147.18
273095.01,276048.52
280221.94,278053.17
290094.33,283207.05
290606.96,285991.69
286765.48,285852.21
297048.95,290401.07
314198.41,300181.76
335196.19,314332.4
[/price_index / WAVE_S]
[price_index / WAVE_M]
ap1,ap2
290818.63,289405.6
290758.96,289814.89
290751.59,290054.33
296655.34,292798.29
295608.02,293726.37
295662.6,294303.12
296584.5,295077.85
296665.07,295569.13
308369.78,300989.91
329654.81,312976.56
340915.39,324015.84
341523.65,330138.53
352220.36,338464.64
360477.78,346744.13
363433.68,352704.72
363030.21,356051.2
361773.85,357629.66
364744.59,360061.15
377682.41,367119.86
375341.64,369861.8
374998.91,371428.77
382764.11,375841.52
382506.06,378132.1
383814.85,380069.82
383551.98,381126.58
389380.4,384356.74
396382.23,389144.73
391154.82,389414.65
390877.03,389682.9
397084.87,392652.51
390146.74,391203.25
389851.46,390507.9
387609.73,389212.1
390242.67,389722.22
395052.26,392026.82
404396.01,397229.09
404383.98,399858.42
392223.99,396127.51
391313.83,394171.22
391145.94,393091.08
395281.37,394246.51
386119.61,390886.22
389453.69,390661.3
398931.23,394522.88
396161.63,395139.7
396204.3,395479.36
389252.81,392773.95
380042.72,387649.31
351230.52,373110.81
344445.93,362929.02
329701.93,351071.76
310443.21,336377.03
305967.45,326375.84
298809.13,317415.28
288457.18,307683.28
288969.59,302158.46
290577.96,299187.58
297325.66,299931.82
309257.85,305001.13
309751.14,307420.99
317490.65,311884.99
318096.53,314277.37
319112.09,315968.54
320828.38,317586.66
324879.03,320154.8
338195.81,327274.31
338238.59,330989.82
334210.15,331358.98
336791.12,332961.96
321692.44,327315.83
318348.71,323302.67
309602.33,317587.89
298562.23,309957.38
298377.26,305908.14
293374.34,301416.86
286721.96,296039.62
286826.36,293059.92
289896.15,292536.18
285900.75,290252.18
286060.72,288963
289714.84,289695.18
295439.49,292376.91
298608.5,294948.64
301246.83,297373.43
304611.11,300057.89
299529.18,299248.02
292525.6,295992.31
280037.47,289156.54
279788.1,285654.43
266422.31,277982.03
271215.94,276006.87
272244.15,275061.41
272384.48,274378.15
284219.36,279019.3
284487.71,281254.46
276825.03,279121.19
282128.93,280448.6
285814.48,282658.45
291504.12,286191.94
314755.75,298035.29
[/price_index / WAVE_M]
[price_index / WAVE_L]
ap1,ap2
177360.47,173898.18
177070.55,174584.67
179079.19,176000.39
179334.03,176969.63
179466.56,177644.74
178613.35,177696.36
178455.62,177749.08
173907.78,175838.1
173693.91,174842.24
173037.01,174081.47
172818.6,173600.09
177047.84,175141.59
189233.9,181163.58
193250.72,185909.68
193236.78,188454.33
198197.9,192106.44
199488.8,194692.62
196962.97,195094.96
196947.43,195490.1
197691.64,196128.56
198002.72,196653.24
197981.29,196966.7
201697.68,198789.47
202032.16,199893.16
201967.53,200498.52
202840.3,201258.07
202789.21,201673.84
206207.68,203419.58
210065.11,206012.58
240567.98,220545.47
279061.54,244375.59
275059.35,255000.71
274776.08,261199.59
293585.34,273217.43
310850.3,287319.73
310606.25,294964.2
318619.75,303061.98
319660.97,308295.75
323536.21,313237.25
316069.75,312986.11
310118.65,310756.4
309583.3,309721.21
312557.06,310605.18
310187.91,310063.53
309562.99,309596.21
306297.76,307997.96
306064.32,307144.06
304111.2,305948
300233.18,303697.28
285262.78,296264.54
273079.49,287368.82
266855.2,280066.38
263770.92,274629.83
263952.3,271490.76
266407.74,270570.48
262149.41,268012.04
262441.36,266542.29
265360.41,266791.5
273678.67,270320.89
278318.29,273910.18
279518.17,276172.6
279725.84,277434.75
286791.16,281133.75
289079.93,283999.63
290595.29,286227.31
290610.43,287513.46
291333.01,288626.9
292451.74,289792.55
293043.75,290741.41
294350.72,291895.59
331400.46,308476.6
347167.28,323606.17
351732.63,333622.42
359679.29,342782.73
368851.4,351994.72
381587.37,362704.46
387527.75,371274.44
389466.44,377115.76
391041.11,381378.79
390578.46,383889.27
395094.97,387534.55
390152.9,387498.6
389825.92,387664.09
370479.76,379402.58
340092.62,362701.15
320511.94,346308.33
319914.66,337403.63
318836.44,331685.5
321030.56,328976.08
321317.66,327080.58
321515.61,325897.1
310278.23,320434.31
299114.14,312858.79
296212.82,307532.5
296716.37,304502.36
288134.15,298940.81
270906.77,288581.07
271414.43,283111.12
269478.95,278927.5
278209.16,280109.19
[/price_index / WAVE_L]
[fund_updown_bb / FUND_WAVE_L]
datetime,fund_open,fund_high,fund_low,fund_close,fund_volume,fund_upbb_u,fund_upbb_m,fund_upbb_l
2026-01-14,426.685,466.982,419.972,446.635,3285414,746.64,361.95,33.19
2026-01-15,446.635,466.982,382.53,398.008,1266591,727.98,393.05,79.5
2026-01-16,383.635,398.008,349.032,352.189,1282769,684.82,423.48,133.34
2026-01-19,366.395,366.395,304.918,307.516,968084,641.06,444.92,196.11
2026-01-20,305.784,312.714,261.356,265.209,974249,629.92,453.73,259.08
2026-01-21,271.835,271.835,230.705,240.045,1012880,647.53,448.64,272.72
2026-01-22,233.354,241.578,216.806,218.085,1034728,658.01,436.11,240.91
2026-01-23,228.708,228.836,190.258,192.737,644666,647.61,411.22,200.99
2026-01-26,191.272,195.778,171.945,173.068,753397,623.41,382.98,169.47
2026-01-27,174.804,188.942,171.945,187.867,1620819,593.59,353.32,144.03
2026-01-28,182.493,224.319,177.012,220.8,2220792,558.88,327.41,129.49
2026-01-29,220.8,443.081,215.462,429.366,7160116,514.7,302.48,124.95
2026-01-30,419.661,524.149,398.773,502.706,4364912,482.36,287.21,132.23
2026-02-02,476.261,524.149,437.853,440.206,2807793,482.01,285.84,146.68
2026-02-03,482.321,482.321,416.119,433.521,1841243,497.26,290.06,136.04
2026-02-04,429.605,433.521,379.362,400.317,1487504,520.88,299.12,119.06
2026-02-05,383.514,411.19,340.115,343.308,1211016,541.08,308.19,113.55
2026-02-06,349.695,355.728,298.26,324.051,1470302,553.76,319.26,118.84
2026-02-09,315.454,329.673,298.26,304.612,1365865,553.85,333.34,133.13
2026-02-10,311.85,312.62,264.476,265.703,825009,538.61,345.66,154.49
2026-02-11,268.566,274.019,224.507,228.099,670835,502.45,355.19,178.16
2026-02-12,230.733,421.909,224.507,393.719,5790612,493.55,364.64,202.33
2026-02-13,376.805,421.909,335.507,339.701,1093939,492.97,366.73,223.61
2026-02-19,344.733,349.766,294.41,296.618,817087,482.66,360.9,223.76
2026-02-20,304.714,305.45,258.599,262.793,836127,466.77,352.23,219.62
2026-02-23,262.793,264.759,240.219,244.412,939820,447.62,339.92,221.39
2026-02-24,241.417,261.16,240.17,256.279,1645860,434.69,327.6,224.7
2026-02-25,248.347,261.16,238.319,245.767,1064978,424.44,317.09,225.73
2026-02-26,241.184,519.401,238.319,515.657,6002195,421.56,305.71,228.64
2026-02-27,436.109,851.488,426.751,828.44,6683384,533.2,309.57,229.35
2026-03-03,674.788,851.488,669.666,680.923,2299627,654.45,335.86,214.06
2026-03-04,758.191,808.477,676.094,697.985,4796391,754.34,365.73,151.86
2026-03-05,704.722,855.179,677.773,833.998,3089855,847.59,396.57,110.65
2026-03-06,799.579,855.179,754.355,824.844,2232244,928.72,435.37,82.41
2026-03-09,806.295,826.081,650.607,677.253,1519978,989.7,477.57,70.09
2026-03-10,673.923,696.128,622.603,658.151,1602070,1027.07,522.25,87.37
2026-03-11,679.48,681.511,545.923,562.112,1091554,1020.04,562.2,128.35
2026-03-12,587.294,589.093,474.933,496.059,790870,960.03,599.7,187.03
2026-03-13,477.28,496.059,413.817,422.813,830276,874.81,638.07,258.74
2026-03-16,419.353,433.193,361.663,374.134,879249,872.26,658.13,341.38
2026-03-17,379.746,380.37,330.659,331.761,656744,904.69,647.01,375.84
2026-03-18,349.947,350.498,310.526,319.78,920505,932.34,628.06,335.96
2026-03-19,317.21,321.323,284.41,291.046,788358,939.16,601.97,282.65
2026-03-20,285.358,297.208,266.505,268.238,680315,922.3,567.74,234.76
2026-03-23,268.671,276.038,242.373,243.192,788575,884.77,527.8,203.41
2026-03-24,246.877,256.293,226.607,234.517,853963,823.79,482.45,184.55
2026-03-25,244.799,244.799,219.49,222.081,675633,760.45,440.22,174.73
2026-03-26,222.452,225.043,192.701,193.396,650141,683.94,400.71,167.16
2026-03-27,205.918,207.657,174.644,187.216,773071,606.81,359.35,158.88
2026-03-30,182.799,190.954,161.873,166.343,596465,539.1,323.17,148.5
2026-03-31,165.704,172.754,158.086,163.627,886467,482.02,296.63,138.56
2026-04-01,163.627,179.098,158.086,178.122,815377,436.39,273.19,131.62
2026-04-02,172.911,185.411,165.065,168.018,850313,396.6,253.64,128.42
2026-04-03,184.098,185.411,153.826,158.395,528858,361.07,233.81,127.08
2026-04-06,160.832,161.136,143.941,145.968,577342,329.21,216.96,125.71
2026-04-07,150.313,152.629,137.506,140.84,579361,301.84,204.56,124.55
2026-04-08,144.729,171.148,137.506,170.54,1027627,278.02,193.48,126.07
2026-04-09,168.412,171.148,159.985,168.53,646513,254.78,184.36,128.52
2026-04-10,163.816,187.199,159.985,184.299,1087130,233.28,177.41,132.62
2026-04-13,186.877,187.199,158.715,159.581,387276,215.15,173.38,135.75
2026-04-14,160.447,161.601,154.419,156.346,558026,201.93,170.67,137.68
2026-04-15,156.896,172.973,154.419,172.098,898476,196.16,169.07,139.02
2026-04-16,172.681,172.973,155.437,157.596,458794,192.33,167.48,141.33
2026-04-17,158.675,159.215,139.587,140.076,359159,188.11,165.82,141.98
2026-04-20,142.032,142.276,124.753,126.74,317137,183.85,163.9,137.85
2026-04-21,126.519,128.065,124.269,127.511,496193,186.52,161.78,132.52
2026-04-22,124.269,134.154,124.269,133.471,684772,191.82,159.91,127.57
2026-04-23,132.789,162.573,130.061,155.678,1047056,192.52,157.39,123.57
2026-04-24,156.474,162.573,149.889,152.207,570284,190.24,155.47,120.29
2026-04-27,150.404,475.709,149.889,468.188,5287941,260.63,152.98,120.2
2026-04-28,382.322,485.221,378.562,471.725,1775578,340.79,165.28,121.1
2026-04-29,471.725,485.221,406.92,418.028,886254,414.01,184.92,81.64
2026-04-30,417.444,528.014,406.92,495.055,2575384,485.81,206.22,45.72
2026-05-04,493.71,528.014,463.965,470.816,1064176,548.48,232.52,24.03
2026-05-06,479.535,487.234,463.945,483.557,1441060,593.8,261.26,10.82
2026-05-07,484.783,487.234,436.592,462.482,1232988,622.17,292.75,11.97
2026-05-08,468.366,486.018,398.99,410.57,699479,631.56,324.24,32.11
2026-05-11,405.307,412.676,398.082,409.339,1138423,619.73,356.6,66.45
2026-05-12,401.664,503.134,398.082,445.853,2277368,564.49,385.5,114.94
2026-05-13,469.474,503.134,404.42,443.147,1015741,535.84,414.24,177.34
2026-05-14,410.506,443.147,404.42,433.187,1085030,517.06,429.59,269.53
2026-05-15,415.733,433.187,369.446,373.495,1042610,497.52,436.93,326.29
2026-05-18,409.933,410.946,353.247,377.671,2398380,499.87,440.77,355.82
2026-05-19,401.498,402.69,324.191,337.065,1365281,507.04,439.26,358.53
2026-05-20,354.621,357.546,318.589,323.655,1190665,512.18,433.77,339.92
2026-05-21,332.099,369.46,318.589,367.801,1291819,519.98,424.46,324.73
2026-05-22,329.638,369.46,314.903,320.401,721171,521.79,415.13,311.08
2026-05-26,326.399,329.398,304.067,315.578,1002035,518.33,404.27,298.16
2026-05-27,315.098,376.446,304.067,339.227,1860431,513.58,394.51,287.94
2026-05-28,372.724,376.446,304.657,313.775,1395171,497.86,384.63,281.9
2026-05-29,335.766,335.766,304.657,313.951,1603208,474.57,374.6,282.17
2026-06-01,335.104,335.104,308.941,318.098,1225560,455.23,364.94,285.25
2026-06-02,314.299,324.612,283.921,286.521,1077612,436.15,355.97,287.34
2026-06-04,307.321,394.275,283.921,368.798,2395265,416.7,347.7,285.77
2026-06-05,340.896,394.275,312.618,318.241,967822,398.05,342.04,284.04
2026-06-08,330.611,335.671,263.396,266.55,954331,391.54,338.63,280.28
2026-06-09,263.396,289.683,249.531,270.04,851234,386.93,332.25,271.14
2026-06-10,262.715,285.552,246.377,254.873,1022229,390.57,327.21,260
2026-06-11,254.873,285.552,246.377,283.626,1379286,397.37,321.56,249.98
2026-06-12,255.848,647.2,252.437,627.219,6018622,437.8,315.9,243.12
[/fund_updown_bb / FUND_WAVE_L]
